,Core genome (mean),Core genome (std),Pan genome (mean),Pan genome (std)
0,8.8,1.2489995996796794,8.8,1.2489995996796794
1,7.4,0.66332495807108,9.6,1.3564659966250536
2,7.0,0.6324555320336759,11.2,1.7776388834631178
3,7.0,0.6324555320336759,11.7,1.4866068747318506
4,6.8,0.6,12.1,1.445683229480096
5,6.8,0.6,12.5,1.5652475842498528
6,6.6,0.4898979485566356,12.7,1.676305461424021
7,6.6,0.4898979485566356,13.4,1.8547236990991407
8,6.6,0.4898979485566356,13.7,1.5524174696260022
9,6.5,0.5,13.9,1.57797338380595
10,6.5,0.5,14.3,1.5524174696260022
11,6.5,0.5,14.4,1.2806248474865698
12,6.5,0.5,14.6,0.8
13,6.5,0.5,14.7,1.0049875621120892
14,6.3,0.6403124237432849,15.2,0.8717797887081347
15,6.3,0.6403124237432849,15.6,0.9165151389911681
16,6.3,0.6403124237432849,15.7,0.7810249675906655
17,6.3,0.6403124237432849,15.7,0.7810249675906655
18,5.8,1.7204650534085253,15.7,0.7810249675906655
19,5.7,1.7349351572897473,15.7,0.7810249675906655
20,5.7,1.7349351572897473,15.7,0.7810249675906655
21,5.7,1.7349351572897473,15.7,0.7810249675906655
22,5.7,1.7349351572897473,15.7,0.7810249675906655
23,5.2,2.181742422927143,15.7,0.7810249675906655
24,5.2,2.181742422927143,15.7,0.7810249675906655
25,5.2,2.181742422927143,15.7,0.7810249675906655
26,5.2,2.181742422927143,15.7,0.7810249675906655
27,5.2,2.181742422927143,15.7,0.7810249675906655
28,5.2,2.181742422927143,15.7,0.7810249675906655
29,5.2,2.181742422927143,15.8,0.7483314773547883
30,5.1,2.118962010041709,15.8,0.7483314773547883
31,5.1,2.118962010041709,15.8,0.7483314773547883
32,5.1,2.118962010041709,15.9,0.7000000000000001
33,5.1,2.118962010041709,15.9,0.7000000000000001
34,5.1,2.118962010041709,15.9,0.7000000000000001
35,5.0,2.0976176963403033,15.9,0.7000000000000001
36,5.0,2.0976176963403033,16.0,0.6324555320336759
37,5.0,2.0976176963403033,16.0,0.6324555320336759
38,4.5,2.5787593916455256,16.0,0.6324555320336759
39,4.4,2.5377155080899043,16.1,0.7
40,4.3,2.4919871588754225,16.2,0.7483314773547883
41,4.3,2.4919871588754225,16.2,0.7483314773547883
42,4.3,2.4919871588754225,16.3,0.6403124237432849
43,4.2,2.4819347291981715,16.6,0.66332495807108
44,4.2,2.4819347291981715,16.6,0.66332495807108
45,4.2,2.4819347291981715,16.7,0.7810249675906655
46,4.1,2.3853720883753127,16.7,0.7810249675906655
47,4.1,2.3853720883753127,16.7,0.7810249675906655
48,4.0,2.32379000772445,16.8,0.7483314773547883
49,4.0,2.32379000772445,16.9,0.8306623862918074
50,4.0,2.32379000772445,16.9,0.8306623862918074
51,3.4,2.4979991993593593,16.9,0.8306623862918074
52,3.4,2.4979991993593593,16.9,0.8306623862918074
53,3.4,2.4979991993593593,16.9,0.8306623862918074
54,3.4,2.4979991993593593,16.9,0.8306623862918074
55,3.4,2.4979991993593593,16.9,0.8306623862918074
56,3.3,2.6095976701399777,17.0,0.7745966692414834
57,3.3,2.6095976701399777,17.0,0.7745966692414834
58,3.3,2.6095976701399777,17.0,0.7745966692414834
59,3.3,2.6095976701399777,17.0,0.7745966692414834
60,3.3,2.6095976701399777,17.0,0.7745966692414834
61,3.3,2.6095976701399777,17.0,0.7745966692414834
62,3.3,2.6095976701399777,17.1,0.8306623862918074
63,2.9,2.6248809496813372,17.1,0.8306623862918074
64,2.9,2.6248809496813372,17.1,0.8306623862918074
65,2.9,2.6248809496813372,17.1,0.8306623862918074
66,2.9,2.6248809496813372,17.2,0.8717797887081348
67,2.8,2.4819347291981715,17.2,0.8717797887081348
68,2.8,2.4819347291981715,17.2,0.8717797887081348
69,2.8,2.4819347291981715,17.2,0.8717797887081348
70,2.8,2.4819347291981715,17.2,0.8717797887081348
71,2.8,2.4819347291981715,17.2,0.8717797887081348
72,2.3,2.2825424421026654,17.2,0.8717797887081348
73,2.3,2.2825424421026654,17.2,0.8717797887081348
74,2.3,2.2825424421026654,17.2,0.8717797887081348
75,2.3,2.2825424421026654,17.2,0.8717797887081348
76,2.2,2.181742422927143,17.2,0.8717797887081348
77,2.2,2.181742422927143,17.2,0.8717797887081348
78,2.2,2.181742422927143,17.2,0.8717797887081348
79,2.2,2.181742422927143,17.2,0.8717797887081348
80,2.2,2.181742422927143,17.2,0.8717797887081348
81,2.2,2.181742422927143,17.2,0.8717797887081348
82,2.1,2.022374841615669,17.3,0.7810249675906655
83,2.1,2.022374841615669,17.3,0.7810249675906655
84,2.1,2.022374841615669,17.3,0.7810249675906655
85,2.1,2.022374841615669,17.3,0.7810249675906655
86,2.1,2.022374841615669,17.3,0.7810249675906655
87,2.0,1.8973665961010275,17.3,0.7810249675906655
88,1.9,1.9723082923316022,17.4,0.66332495807108
89,1.9,1.9723082923316022,17.4,0.66332495807108
90,1.9,1.9723082923316022,17.4,0.66332495807108
91,1.9,1.9723082923316022,17.5,0.5
92,1.9,1.9723082923316022,17.5,0.5
93,1.9,1.9723082923316022,17.5,0.5
94,1.9,1.9723082923316022,17.5,0.5
95,1.9,1.9723082923316022,17.5,0.5
96,1.9,1.9723082923316022,17.5,0.5
97,1.9,1.9723082923316022,17.5,0.5
98,1.9,1.9723082923316022,17.5,0.5
99,1.9,1.9723082923316022,17.5,0.5
100,1.9,1.9723082923316022,17.6,0.4898979485566356
101,1.9,1.9723082923316022,17.6,0.4898979485566356
102,1.9,1.9723082923316022,17.6,0.4898979485566356
103,1.9,1.9723082923316022,17.6,0.4898979485566356
104,1.9,1.9723082923316022,17.6,0.4898979485566356
105,1.9,1.9723082923316022,17.6,0.4898979485566356
106,1.9,1.9723082923316022,17.6,0.4898979485566356
107,1.9,1.9723082923316022,17.6,0.4898979485566356
108,1.9,1.9723082923316022,17.6,0.4898979485566356
109,1.9,1.9723082923316022,17.6,0.4898979485566356
110,1.9,1.9723082923316022,17.6,0.4898979485566356
111,1.9,1.9723082923316022,17.6,0.4898979485566356
112,1.9,1.9723082923316022,17.6,0.4898979485566356
113,1.9,1.9723082923316022,17.6,0.4898979485566356
114,1.9,1.9723082923316022,17.6,0.4898979485566356
115,1.9,1.9723082923316022,17.6,0.4898979485566356
116,1.9,1.9723082923316022,17.6,0.4898979485566356
117,1.9,1.9723082923316022,17.6,0.4898979485566356
118,1.3,1.7916472867168918,17.7,0.45825756949558394
119,1.3,1.7916472867168918,17.7,0.45825756949558394
120,1.3,1.7916472867168918,17.7,0.45825756949558394
121,1.3,1.7916472867168918,17.7,0.45825756949558394
122,1.3,1.7916472867168918,17.7,0.45825756949558394
123,1.3,1.7916472867168918,17.7,0.45825756949558394
124,1.3,1.7916472867168918,17.7,0.45825756949558394
125,1.3,1.7916472867168918,17.7,0.45825756949558394
126,1.3,1.7916472867168918,17.7,0.45825756949558394
127,1.3,1.7916472867168918,17.7,0.45825756949558394
128,1.3,1.7916472867168918,17.7,0.45825756949558394
129,1.3,1.7916472867168918,17.7,0.45825756949558394
130,1.3,1.7916472867168918,17.7,0.45825756949558394
131,1.3,1.7916472867168918,17.7,0.45825756949558394
132,1.3,1.7916472867168918,17.7,0.45825756949558394
133,1.3,1.7916472867168918,17.7,0.45825756949558394
134,1.3,1.7916472867168918,17.7,0.45825756949558394
135,1.3,1.7916472867168918,17.7,0.45825756949558394
136,1.3,1.7916472867168918,17.7,0.45825756949558394
137,1.3,1.7916472867168918,17.7,0.45825756949558394
138,1.3,1.7916472867168918,17.7,0.45825756949558394
139,1.3,1.7916472867168918,17.7,0.45825756949558394
140,1.3,1.7916472867168918,17.7,0.45825756949558394
141,1.3,1.7916472867168918,17.7,0.45825756949558394
142,1.3,1.7916472867168918,17.7,0.45825756949558394
143,1.3,1.7916472867168918,17.7,0.45825756949558394
144,1.3,1.7916472867168918,17.7,0.45825756949558394
145,1.3,1.7916472867168918,17.7,0.45825756949558394
146,1.3,1.7916472867168918,17.7,0.45825756949558394
147,1.3,1.7916472867168918,17.8,0.4
148,1.3,1.7916472867168918,17.8,0.4
149,1.3,1.7916472867168918,17.8,0.4
150,1.3,1.7916472867168918,17.8,0.4
151,1.3,1.7916472867168918,17.8,0.4
152,1.3,1.7916472867168918,17.8,0.4
153,1.3,1.7916472867168918,17.8,0.4
154,0.9,1.57797338380595,17.8,0.4
155,0.9,1.57797338380595,17.8,0.4
156,0.9,1.57797338380595,17.8,0.4
157,0.9,1.57797338380595,17.8,0.4
158,0.9,1.57797338380595,17.8,0.4
159,0.9,1.57797338380595,17.8,0.4
160,0.9,1.57797338380595,17.8,0.4
161,0.9,1.57797338380595,17.8,0.4
162,0.9,1.57797338380595,17.8,0.4
163,0.9,1.57797338380595,17.8,0.4
164,0.9,1.57797338380595,17.8,0.4
165,0.9,1.57797338380595,17.8,0.4
166,0.9,1.57797338380595,17.8,0.4
167,0.9,1.57797338380595,17.8,0.4
168,0.9,1.57797338380595,17.8,0.4
169,0.9,1.57797338380595,17.8,0.4
170,0.9,1.57797338380595,17.8,0.4
171,0.9,1.57797338380595,17.8,0.4
172,0.9,1.57797338380595,17.8,0.4
173,0.9,1.57797338380595,17.8,0.4
174,0.9,1.57797338380595,17.8,0.4
175,0.9,1.57797338380595,17.8,0.4
176,0.9,1.57797338380595,17.8,0.4
177,0.9,1.57797338380595,17.8,0.4
178,0.9,1.57797338380595,17.8,0.4
179,0.9,1.57797338380595,17.8,0.4
180,0.9,1.57797338380595,17.8,0.4
181,0.9,1.57797338380595,17.8,0.4
182,0.9,1.57797338380595,17.8,0.4
183,0.9,1.57797338380595,17.8,0.4
184,0.9,1.57797338380595,17.8,0.4
185,0.9,1.57797338380595,17.8,0.4
186,0.9,1.57797338380595,17.8,0.4
187,0.9,1.57797338380595,17.8,0.4
188,0.9,1.57797338380595,17.8,0.4
189,0.9,1.57797338380595,17.8,0.4
190,0.9,1.57797338380595,17.8,0.4
191,0.9,1.57797338380595,17.8,0.4
192,0.9,1.57797338380595,17.8,0.4
193,0.9,1.57797338380595,17.8,0.4
194,0.9,1.57797338380595,17.8,0.4
195,0.8,1.4000000000000001,17.8,0.4
196,0.8,1.4000000000000001,17.8,0.4
197,0.8,1.4000000000000001,17.8,0.4
198,0.8,1.4000000000000001,17.8,0.4
199,0.8,1.4000000000000001,17.8,0.4
200,0.8,1.4000000000000001,17.8,0.4
201,0.7,1.1874342087037917,17.8,0.4
202,0.7,1.1874342087037917,17.8,0.4
203,0.7,1.1874342087037917,17.8,0.4
204,0.7,1.1874342087037917,17.8,0.4
205,0.7,1.1874342087037917,17.8,0.4
206,0.7,1.1874342087037917,17.8,0.4
207,0.7,1.1874342087037917,17.8,0.4
208,0.7,1.1874342087037917,17.8,0.4
209,0.7,1.1874342087037917,17.8,0.4
210,0.7,1.1874342087037917,17.8,0.4
211,0.7,1.1874342087037917,17.8,0.4
212,0.7,1.1874342087037917,17.8,0.4
213,0.7,1.1874342087037917,17.8,0.4
214,0.7,1.1874342087037917,17.8,0.4
215,0.7,1.1874342087037917,17.8,0.4
216,0.7,1.1874342087037917,17.8,0.4
217,0.7,1.1874342087037917,17.8,0.4
218,0.7,1.1874342087037917,17.8,0.4
219,0.7,1.1874342087037917,17.8,0.4
220,0.7,1.1874342087037917,17.8,0.4
221,0.7,1.1874342087037917,17.8,0.4
222,0.7,1.1874342087037917,17.8,0.4
223,0.7,1.1874342087037917,17.8,0.4
224,0.7,1.1874342087037917,17.8,0.4
225,0.7,1.1874342087037917,17.8,0.4
226,0.7,1.1874342087037917,17.8,0.4
227,0.7,1.1874342087037917,17.8,0.4
228,0.7,1.1874342087037917,17.8,0.4
229,0.7,1.1874342087037917,17.8,0.4
230,0.4,0.9165151389911681,17.8,0.4
231,0.4,0.9165151389911681,17.8,0.4
232,0.4,0.9165151389911681,17.8,0.4
233,0.4,0.9165151389911681,17.8,0.4
234,0.4,0.9165151389911681,17.8,0.4
235,0.4,0.9165151389911681,17.8,0.4
236,0.4,0.9165151389911681,17.8,0.4
237,0.4,0.9165151389911681,17.8,0.4
238,0.4,0.9165151389911681,17.8,0.4
239,0.4,0.9165151389911681,17.8,0.4
240,0.4,0.9165151389911681,17.8,0.4
241,0.4,0.9165151389911681,17.8,0.4
242,0.4,0.9165151389911681,17.8,0.4
243,0.4,0.9165151389911681,17.8,0.4
244,0.4,0.9165151389911681,17.8,0.4
245,0.4,0.9165151389911681,17.8,0.4
246,0.4,0.9165151389911681,17.9,0.3
247,0.4,0.9165151389911681,17.9,0.3
248,0.4,0.9165151389911681,17.9,0.3
249,0.4,0.9165151389911681,17.9,0.3
250,0.4,0.9165151389911681,17.9,0.3
251,0.4,0.9165151389911681,17.9,0.3
252,0.4,0.9165151389911681,17.9,0.3
253,0.4,0.9165151389911681,17.9,0.3
254,0.4,0.9165151389911681,17.9,0.3
255,0.3,0.9000000000000001,18.0,0.0
256,0.3,0.9000000000000001,18.0,0.0
257,0.3,0.9000000000000001,18.0,0.0
258,0.3,0.9000000000000001,18.0,0.0
259,0.3,0.9000000000000001,18.0,0.0
260,0.3,0.9000000000000001,18.0,0.0
261,0.3,0.9000000000000001,18.0,0.0
262,0.3,0.9000000000000001,18.0,0.0
263,0.3,0.9000000000000001,18.0,0.0
264,0.3,0.9000000000000001,18.0,0.0
265,0.3,0.9000000000000001,18.0,0.0
266,0.3,0.9000000000000001,18.0,0.0
267,0.3,0.9000000000000001,18.0,0.0
268,0.3,0.9000000000000001,18.0,0.0
269,0.3,0.9000000000000001,18.0,0.0
270,0.3,0.9000000000000001,18.0,0.0
271,0.3,0.9000000000000001,18.0,0.0
272,0.3,0.9000000000000001,18.0,0.0
273,0.3,0.9000000000000001,18.0,0.0
274,0.3,0.9000000000000001,18.0,0.0
275,0.3,0.9000000000000001,18.0,0.0
276,0.3,0.9000000000000001,18.0,0.0
277,0.3,0.9000000000000001,18.0,0.0
278,0.3,0.9000000000000001,18.0,0.0
279,0.3,0.9000000000000001,18.0,0.0
280,0.3,0.9000000000000001,18.0,0.0
281,0.3,0.9000000000000001,18.0,0.0
282,0.3,0.9000000000000001,18.0,0.0
283,0.3,0.9000000000000001,18.0,0.0
284,0.3,0.9000000000000001,18.0,0.0
285,0.3,0.9000000000000001,18.0,0.0
286,0.3,0.9000000000000001,18.0,0.0
287,0.3,0.9000000000000001,18.0,0.0
288,0.3,0.9000000000000001,18.0,0.0
289,0.3,0.9000000000000001,18.0,0.0
290,0.3,0.9000000000000001,18.0,0.0
291,0.3,0.9000000000000001,18.0,0.0
292,0.3,0.9000000000000001,18.0,0.0
293,0.3,0.9000000000000001,18.0,0.0
294,0.3,0.9000000000000001,18.0,0.0
295,0.3,0.9000000000000001,18.0,0.0
296,0.3,0.9000000000000001,18.0,0.0
297,0.3,0.9000000000000001,18.0,0.0
298,0.3,0.9000000000000001,18.0,0.0
299,0.3,0.9000000000000001,18.0,0.0
300,0.3,0.9000000000000001,18.0,0.0
301,0.3,0.9000000000000001,18.0,0.0
302,0.3,0.9000000000000001,18.0,0.0
303,0.3,0.9000000000000001,18.0,0.0
304,0.3,0.9000000000000001,18.0,0.0
305,0.3,0.9000000000000001,18.0,0.0
306,0.3,0.9000000000000001,18.0,0.0
307,0.3,0.9000000000000001,18.0,0.0
308,0.3,0.9000000000000001,18.0,0.0
309,0.3,0.9000000000000001,18.0,0.0
310,0.3,0.9000000000000001,18.0,0.0
311,0.3,0.9000000000000001,18.0,0.0
312,0.3,0.9000000000000001,18.0,0.0
313,0.3,0.9000000000000001,18.0,0.0
314,0.3,0.9000000000000001,18.0,0.0
315,0.3,0.9000000000000001,18.0,0.0
316,0.3,0.9000000000000001,18.0,0.0
317,0.3,0.9000000000000001,18.0,0.0
318,0.3,0.9000000000000001,18.0,0.0
319,0.3,0.9000000000000001,18.0,0.0
320,0.3,0.9000000000000001,18.0,0.0
321,0.3,0.9000000000000001,18.0,0.0
322,0.3,0.9000000000000001,18.0,0.0
323,0.3,0.9000000000000001,18.0,0.0
324,0.3,0.9000000000000001,18.0,0.0
325,0.3,0.9000000000000001,18.0,0.0
326,0.3,0.9000000000000001,18.0,0.0
327,0.3,0.9000000000000001,18.0,0.0
328,0.3,0.9000000000000001,18.0,0.0
329,0.3,0.9000000000000001,18.0,0.0
330,0.3,0.9000000000000001,18.0,0.0
331,0.3,0.9000000000000001,18.0,0.0
332,0.3,0.9000000000000001,18.0,0.0
333,0.3,0.9000000000000001,18.0,0.0
334,0.3,0.9000000000000001,18.0,0.0
335,0.3,0.9000000000000001,18.0,0.0
336,0.3,0.9000000000000001,18.0,0.0
337,0.3,0.9000000000000001,18.0,0.0
338,0.3,0.9000000000000001,18.0,0.0
339,0.3,0.9000000000000001,18.0,0.0
340,0.3,0.9000000000000001,18.0,0.0
341,0.3,0.9000000000000001,18.0,0.0
342,0.3,0.9000000000000001,18.0,0.0
343,0.3,0.9000000000000001,18.0,0.0
344,0.3,0.9000000000000001,18.0,0.0
345,0.3,0.9000000000000001,18.0,0.0
346,0.3,0.9000000000000001,18.0,0.0
347,0.3,0.9000000000000001,18.0,0.0
348,0.3,0.9000000000000001,18.0,0.0
349,0.3,0.9000000000000001,18.0,0.0
350,0.3,0.9000000000000001,18.0,0.0
351,0.3,0.9000000000000001,18.0,0.0
352,0.3,0.9000000000000001,18.0,0.0
353,0.3,0.9000000000000001,18.0,0.0
354,0.3,0.9000000000000001,18.0,0.0
355,0.3,0.9000000000000001,18.0,0.0
356,0.3,0.9000000000000001,18.0,0.0
357,0.3,0.9000000000000001,18.0,0.0
358,0.3,0.9000000000000001,18.0,0.0
359,0.3,0.9000000000000001,18.0,0.0
360,0.3,0.9000000000000001,18.0,0.0
361,0.3,0.9000000000000001,18.0,0.0
362,0.3,0.9000000000000001,18.0,0.0
363,0.3,0.9000000000000001,18.0,0.0
364,0.3,0.9000000000000001,18.0,0.0
365,0.3,0.9000000000000001,18.0,0.0
366,0.3,0.9000000000000001,18.0,0.0
367,0.3,0.9000000000000001,18.0,0.0
368,0.3,0.9000000000000001,18.0,0.0
369,0.3,0.9000000000000001,18.0,0.0
370,0.3,0.9000000000000001,18.0,0.0
371,0.3,0.9000000000000001,18.0,0.0
372,0.3,0.9000000000000001,18.0,0.0
373,0.3,0.9000000000000001,18.0,0.0
374,0.3,0.9000000000000001,18.0,0.0
375,0.3,0.9000000000000001,18.0,0.0
376,0.3,0.9000000000000001,18.0,0.0
377,0.3,0.9000000000000001,18.0,0.0
378,0.3,0.9000000000000001,18.0,0.0
379,0.3,0.9000000000000001,18.0,0.0
380,0.3,0.9000000000000001,18.0,0.0
381,0.3,0.9000000000000001,18.0,0.0
382,0.3,0.9000000000000001,18.0,0.0
383,0.3,0.9000000000000001,18.0,0.0
384,0.3,0.9000000000000001,18.0,0.0
385,0.3,0.9000000000000001,18.0,0.0
386,0.3,0.9000000000000001,18.0,0.0
387,0.3,0.9000000000000001,18.0,0.0
388,0.3,0.9000000000000001,18.0,0.0
389,0.3,0.9000000000000001,18.0,0.0
390,0.3,0.9000000000000001,18.0,0.0
391,0.3,0.9000000000000001,18.0,0.0
392,0.3,0.9000000000000001,18.0,0.0
393,0.3,0.9000000000000001,18.0,0.0
394,0.3,0.9000000000000001,18.0,0.0
395,0.3,0.9000000000000001,18.0,0.0
396,0.3,0.9000000000000001,18.0,0.0
397,0.3,0.9000000000000001,18.0,0.0
398,0.3,0.9000000000000001,18.0,0.0
399,0.3,0.9000000000000001,18.0,0.0
400,0.3,0.9000000000000001,18.0,0.0
401,0.3,0.9000000000000001,18.0,0.0
402,0.3,0.9000000000000001,18.0,0.0
403,0.3,0.9000000000000001,18.0,0.0
404,0.3,0.9000000000000001,18.0,0.0
405,0.3,0.9000000000000001,18.0,0.0
406,0.3,0.9000000000000001,18.0,0.0
407,0.3,0.9000000000000001,18.0,0.0
408,0.3,0.9000000000000001,18.0,0.0
409,0.3,0.9000000000000001,18.0,0.0
410,0.3,0.9000000000000001,18.0,0.0
411,0.3,0.9000000000000001,18.0,0.0
412,0.3,0.9000000000000001,18.0,0.0
413,0.3,0.9000000000000001,18.0,0.0
414,0.3,0.9000000000000001,18.0,0.0
415,0.3,0.9000000000000001,18.0,0.0
416,0.3,0.9000000000000001,18.0,0.0
417,0.3,0.9000000000000001,18.0,0.0
418,0.3,0.9000000000000001,18.0,0.0
419,0.3,0.9000000000000001,18.0,0.0
420,0.3,0.9000000000000001,18.0,0.0
421,0.3,0.9000000000000001,18.0,0.0
422,0.3,0.9000000000000001,18.0,0.0
423,0.3,0.9000000000000001,18.0,0.0
424,0.0,0.0,18.0,0.0
425,0.0,0.0,18.0,0.0
426,0.0,0.0,18.0,0.0
427,0.0,0.0,18.0,0.0
428,0.0,0.0,18.0,0.0
429,0.0,0.0,18.0,0.0
430,0.0,0.0,18.0,0.0
431,0.0,0.0,18.0,0.0
432,0.0,0.0,18.0,0.0
433,0.0,0.0,18.0,0.0
434,0.0,0.0,18.0,0.0
435,0.0,0.0,18.0,0.0
436,0.0,0.0,18.0,0.0
437,0.0,0.0,18.0,0.0
438,0.0,0.0,18.0,0.0
439,0.0,0.0,18.0,0.0
440,0.0,0.0,18.0,0.0
441,0.0,0.0,18.0,0.0
442,0.0,0.0,18.0,0.0
443,0.0,0.0,18.0,0.0
444,0.0,0.0,18.0,0.0
445,0.0,0.0,18.0,0.0
446,0.0,0.0,18.0,0.0
447,0.0,0.0,18.0,0.0
448,0.0,0.0,18.0,0.0
449,0.0,0.0,18.0,0.0
450,0.0,0.0,18.0,0.0
451,0.0,0.0,18.0,0.0
452,0.0,0.0,18.0,0.0
453,0.0,0.0,18.0,0.0
454,0.0,0.0,18.0,0.0
455,0.0,0.0,18.0,0.0
456,0.0,0.0,18.0,0.0
457,0.0,0.0,18.0,0.0
458,0.0,0.0,18.0,0.0
459,0.0,0.0,18.0,0.0
460,0.0,0.0,18.0,0.0
461,0.0,0.0,18.0,0.0
462,0.0,0.0,18.0,0.0
463,0.0,0.0,18.0,0.0
464,0.0,0.0,18.0,0.0
465,0.0,0.0,18.0,0.0
466,0.0,0.0,18.0,0.0
467,0.0,0.0,18.0,0.0
468,0.0,0.0,18.0,0.0
469,0.0,0.0,18.0,0.0
470,0.0,0.0,18.0,0.0
471,0.0,0.0,18.0,0.0
472,0.0,0.0,18.0,0.0
473,0.0,0.0,18.0,0.0
474,0.0,0.0,18.0,0.0
475,0.0,0.0,18.0,0.0
476,0.0,0.0,18.0,0.0
477,0.0,0.0,18.0,0.0
478,0.0,0.0,18.0,0.0
479,0.0,0.0,18.0,0.0
480,0.0,0.0,18.0,0.0
481,0.0,0.0,18.0,0.0
482,0.0,0.0,18.0,0.0
483,0.0,0.0,18.0,0.0
484,0.0,0.0,18.0,0.0
485,0.0,0.0,18.0,0.0
486,0.0,0.0,18.0,0.0
487,0.0,0.0,18.0,0.0
488,0.0,0.0,18.0,0.0
489,0.0,0.0,18.0,0.0
490,0.0,0.0,18.0,0.0
491,0.0,0.0,18.0,0.0
492,0.0,0.0,18.0,0.0
493,0.0,0.0,18.0,0.0
494,0.0,0.0,18.0,0.0
495,0.0,0.0,18.0,0.0
496,0.0,0.0,18.0,0.0
497,0.0,0.0,18.0,0.0
498,0.0,0.0,18.0,0.0
499,0.0,0.0,18.0,0.0
500,0.0,0.0,18.0,0.0
501,0.0,0.0,18.0,0.0
502,0.0,0.0,18.0,0.0
503,0.0,0.0,18.0,0.0
504,0.0,0.0,18.0,0.0
505,0.0,0.0,18.0,0.0
506,0.0,0.0,18.0,0.0
507,0.0,0.0,18.0,0.0
508,0.0,0.0,18.0,0.0
509,0.0,0.0,18.0,0.0
510,0.0,0.0,18.0,0.0
511,0.0,0.0,18.0,0.0
512,0.0,0.0,18.0,0.0
513,0.0,0.0,18.0,0.0
514,0.0,0.0,18.0,0.0
515,0.0,0.0,18.0,0.0
516,0.0,0.0,18.0,0.0
517,0.0,0.0,18.0,0.0
518,0.0,0.0,18.0,0.0
519,0.0,0.0,18.0,0.0
520,0.0,0.0,18.0,0.0
521,0.0,0.0,18.0,0.0
522,0.0,0.0,18.0,0.0
523,0.0,0.0,18.0,0.0
524,0.0,0.0,18.0,0.0
525,0.0,0.0,18.0,0.0
526,0.0,0.0,18.0,0.0
527,0.0,0.0,18.0,0.0
528,0.0,0.0,18.0,0.0
529,0.0,0.0,18.0,0.0
530,0.0,0.0,18.0,0.0
531,0.0,0.0,18.0,0.0
532,0.0,0.0,18.0,0.0
533,0.0,0.0,18.0,0.0
534,0.0,0.0,18.0,0.0
535,0.0,0.0,18.0,0.0
536,0.0,0.0,18.0,0.0
537,0.0,0.0,18.0,0.0
538,0.0,0.0,18.0,0.0
539,0.0,0.0,18.0,0.0
540,0.0,0.0,18.0,0.0
541,0.0,0.0,18.0,0.0
542,0.0,0.0,18.0,0.0
543,0.0,0.0,18.0,0.0
544,0.0,0.0,18.0,0.0
545,0.0,0.0,18.0,0.0
546,0.0,0.0,18.0,0.0
547,0.0,0.0,18.0,0.0
548,0.0,0.0,18.0,0.0
549,0.0,0.0,18.0,0.0
550,0.0,0.0,18.0,0.0
551,0.0,0.0,18.0,0.0
