,Core genome (mean),Core genome (std),Pan genome (mean),Pan genome (std)
0,8.916,1.2332655837247708,8.916,1.2332655837247708
1,7.535,0.9973840784772935,10.336,1.4896657343176019
2,7.079,0.9730154161163123,11.264,1.6212044904946448
3,6.781,1.023249236501059,11.99,1.671496335622666
4,6.604,1.0996290283545629,12.517,1.6732336955727372
5,6.476,1.2399290302271337,12.941,1.6301898662425798
6,6.385,1.3049042110438605,13.365,1.546536452851985
7,6.302,1.3449148671942028,13.684,1.4906857482380382
8,6.227,1.3962345791449229,13.928,1.4569886753163181
9,6.154,1.4540577705167013,14.177,1.3934385526459356
10,6.054,1.5326721762986368,14.391,1.3061849026841492
11,5.996,1.570345184983225,14.577,1.2585988240897097
12,5.927,1.6234749767089116,14.712,1.236550039424204
13,5.868,1.6608961436525764,14.847,1.2213070866903215
14,5.783,1.7227626069775255,14.976,1.1736370818954214
15,5.729,1.7525863744763053,15.093,1.148194669905761
16,5.656,1.7954564879160955,15.195,1.1004430925768038
17,5.604,1.8008842272617083,15.303,1.0522314384202747
18,5.542,1.837997823720148,15.389,1.0467468652926553
19,5.459,1.890057935619964,15.475,1.014581194385151
20,5.401,1.90740635418885,15.549,1.0027955923317573
21,5.352,1.9152274016419044,15.63,0.9793365100924197
22,5.285,1.946220696632322,15.696,0.9754916709024224
23,5.211,1.9835521167844317,15.768,0.9445506868347511
24,5.149,2.0026979302930332,15.83,0.9407975340103736
25,5.092,2.009362087827876,15.904,0.932085832957459
26,5.029,2.034246543563489,15.967,0.9369690496489199
27,4.97,2.074391477036097,16.022,0.9281788620734692
28,4.903,2.0701669014840327,16.077,0.9279391143819727
29,4.85,2.0812256004575764,16.131,0.935862703605609
30,4.798,2.114993144196926,16.173,0.9322397760233146
31,4.722,2.1369875994024863,16.229,0.9255047271624279
32,4.676,2.14826069181559,16.278,0.9179956426911839
33,4.618,2.1665816393572617,16.319,0.9095268000449466
34,4.558,2.1805127837277176,16.363,0.904008296422107
35,4.53,2.1792429878285717,16.393,0.901416108132088
36,4.468,2.187001600365212,16.448,0.8872970190415382
37,4.437,2.1890708074431946,16.496,0.8910577983498041
38,4.412,2.1900356161487418,16.536,0.8903392611808153
39,4.36,2.1923503369671553,16.564,0.8831217356627569
40,4.307,2.2024420537212777,16.6,0.8786353054595518
41,4.256,2.2114393502875,16.624,0.875570671048317
42,4.21,2.2140234867769584,16.667,0.8718434492499212
43,4.158,2.217889988254602,16.697,0.8644021055041458
44,4.102,2.223869600493698,16.72,0.8611620056644393
45,4.046,2.2320134408197454,16.751,0.8573208267620703
46,4.003,2.223733572170911,16.774,0.8561098060412577
47,3.97,2.2242077241121163,16.806,0.8487425993786337
48,3.913,2.226528912904569,16.834,0.830929599906033
49,3.871,2.2190896782239333,16.858,0.8281521599319775
50,3.816,2.222193510925635,16.881,0.8263407287553967
51,3.781,2.222844798900724,16.905,0.8246059665076404
52,3.726,2.221918990422468,16.932,0.8193753718534625
53,3.69,2.2225885809119057,16.961,0.8206576630971043
54,3.648,2.2293712117994167,16.983,0.8177475160463651
55,3.601,2.2266115512140865,17.009,0.8055550881224697
56,3.551,2.229663427515462,17.044,0.7937657085059797
57,3.509,2.231573211884387,17.073,0.7871918444699487
58,3.475,2.2421808580040996,17.088,0.7837448564424523
59,3.426,2.2491162708939703,17.107,0.7794555792346347
60,3.375,2.245968610644414,17.132,0.7762576891728673
61,3.337,2.243976604156113,17.156,0.7704959441814084
62,3.304,2.240889109259983,17.184,0.7564020095161037
63,3.279,2.2336425407839995,17.202,0.7504638565580624
64,3.246,2.222494994370066,17.22,0.7440430095095308
65,3.229,2.216880465879927,17.244,0.7378780387028739
66,3.212,2.216090250869761,17.27,0.7355949972641196
67,3.194,2.2068901196026953,17.284,0.7316720576870488
68,3.158,2.206135988555556,17.301,0.7269105859732681
69,3.104,2.2084347398100763,17.312,0.721564965890113
70,3.081,2.1946386946374568,17.328,0.71303295856503
71,3.063,2.1879284723226213,17.348,0.7034884505093172
72,3.021,2.1932986572740156,17.36,0.7031358332498779
73,2.994,2.19544164121937,17.369,0.6977384896936674
74,2.957,2.189783322614363,17.393,0.6845078524020013
75,2.935,2.1851258544990033,17.408,0.671964284765195
76,2.898,2.1779797978861053,17.42,0.669029147347109
77,2.865,2.1722741539686004,17.434,0.6630565586735419
78,2.856,2.1723867059066624,17.45,0.6553624951124377
79,2.815,2.1787094804034797,17.47,0.6442825467137845
80,2.792,2.176404374191524,17.488,0.6370682851939814
81,2.768,2.167066219569674,17.501,0.6308716192697212
82,2.733,2.1720292355306827,17.513,0.6259640564760887
83,2.719,2.1711837784950405,17.523,0.6192503532497983
84,2.691,2.1696817739014174,17.533,0.6155574709155921
85,2.671,2.1708889884100477,17.541,0.60689290653294
86,2.634,2.1670357634335433,17.557,0.5922423490430249
87,2.609,2.1633582689882873,17.566,0.5862115659043243
88,2.582,2.160387928127724,17.578,0.5778546530054075
89,2.553,2.155734445612446,17.588,0.5764165160714949
90,2.535,2.153317208401958,17.601,0.5690333909358922
91,2.514,2.1540204270154915,17.616,0.5626224311205517
92,2.494,2.1503404381632225,17.627,0.5584541162888854
93,2.481,2.143277630173002,17.637,0.5542842231202327
94,2.46,2.1429885673983424,17.644,0.5525070135301451
95,2.448,2.1343139412935486,17.649,0.5493623576474821
96,2.426,2.1336644534696636,17.66,0.5407402333838309
97,2.39,2.1302347288503207,17.668,0.5345802091361034
98,2.375,2.1199941037653853,17.68,0.5268775948927796
99,2.344,2.118410725048379,17.689,0.5218036029005549
100,2.312,2.111552982996164,17.697,0.51690521374813
101,2.283,2.110666008633294,17.706,0.5114332801060174
102,2.257,2.1045073057606616,17.713,0.5046097502030653
103,2.231,2.095146534254824,17.718,0.5004757736394441
104,2.207,2.089533680034854,17.728,0.4899142782160978
105,2.198,2.083457702954394,17.734,0.48501958723334054
106,2.173,2.0748665017296894,17.742,0.48107795626072913
107,2.158,2.0719642854064837,17.748,0.47381008853759116
108,2.129,2.0698693195465263,17.754,0.46635179853839953
109,2.105,2.0673594269018634,17.76,0.4608687448721165
110,2.081,2.0611741799275483,17.767,0.4568489903677144
111,2.05,2.053655277791285,17.775,0.4476326619003577
112,2.031,2.0474469468096115,17.779,0.4451505363357434
113,2.018,2.042957659864736,17.784,0.43970899467716146
114,2.005,2.0369032868548276,17.788,0.43709953099951965
115,1.988,2.0282642825825237,17.792,0.4344375674363348
116,1.976,2.02519727434144,17.799,0.42260974905934195
117,1.97,2.0236353426445186,17.806,0.41756915594904753
118,1.958,2.0214440383052903,17.811,0.41143529260383094
119,1.934,2.0143594515378824,17.814,0.4091503391175425
120,1.916,2.0077210961684893,17.816,0.4076076544914239
121,1.902,2.0070864455722877,17.819,0.4052641114137791
122,1.883,2.0038240940761245,17.827,0.3963218389137797
123,1.86,1.9955951493226276,17.829,0.39466314750683273
124,1.852,1.9925099748809287,17.832,0.3921428311215189
125,1.848,1.9876860919169306,17.833,0.38872998340750614
126,1.838,1.9823612183454358,17.837,0.38526743957931353
127,1.826,1.9808392160899886,17.837,0.38526743957931353
128,1.813,1.9758620903291808,17.841,0.3817315810880729
129,1.806,1.9744275119639112,17.844,0.3790303417933715
130,1.798,1.9685517519232256,17.846,0.3772055142757062
131,1.775,1.9642746752936564,17.851,0.37255737813120815
132,1.767,1.964869206843041,17.854,0.3697079928808681
133,1.75,1.9579325831090304,17.857,0.36407554161190225
134,1.726,1.9536949608370289,17.862,0.35910444163223604
135,1.714,1.9473582104995475,17.865,0.35605477106759853
136,1.686,1.9399494838783817,17.871,0.3497985134330905
137,1.676,1.9346896391928086,17.873,0.3447767393546148
138,1.651,1.9264472481747326,17.877,0.34039829611794475
139,1.631,1.9201143195132941,17.882,0.33477753807566
140,1.622,1.9149715402584973,17.884,0.33248157843706166
141,1.614,1.9081415041867311,17.884,0.33248157843706166
142,1.603,1.9066701340294814,17.889,0.32043564096398514
143,1.587,1.902217390310582,17.891,0.314831701072176
144,1.573,1.8980703358937994,17.897,0.3072311833131527
145,1.552,1.889258055428109,17.902,0.30065927559282124
146,1.55,1.8887826767524105,17.903,0.2993175571195248
147,1.541,1.88582051107734,17.903,0.2993175571195248
148,1.524,1.8792083439576357,17.905,0.293214938227915
149,1.507,1.8756201641057286,17.907,0.2904324362050492
150,1.487,1.8691792316415246,17.91,0.2861817604250837
151,1.473,1.8625979168892035,17.91,0.2861817604250837
152,1.446,1.8528583324150825,17.912,0.28329489935401236
153,1.434,1.8486871017021782,17.912,0.28329489935401236
154,1.418,1.8377366514275104,17.914,0.28036404905051576
155,1.397,1.8312266380762376,17.915,0.2788816953476868
156,1.383,1.825461859366007,17.917,0.27588222124667616
157,1.373,1.8215024018650097,17.918,0.27436472076416824
158,1.359,1.8144197419560888,17.92,0.2712931993250107
159,1.346,1.8045176640864447,17.923,0.26659144772479104
160,1.326,1.79212834361828,17.923,0.26659144772479104
161,1.308,1.7846949319141354,17.927,0.26013650262890825
162,1.301,1.7822454937521932,17.93,0.25514701644346144
163,1.3,1.781010948871455,17.93,0.25514701644346144
164,1.291,1.7799772470455906,17.932,0.251745903640953
165,1.281,1.77539826517883,17.933,0.2500219990320852
166,1.274,1.7700067796480328,17.934,0.24828209762284517
167,1.259,1.7646299895445503,17.935,0.246525860712421
168,1.255,1.7623776553281647,17.935,0.246525860712421
169,1.246,1.7548458621770744,17.935,0.246525860712421
170,1.236,1.7476567168640413,17.937,0.24296296014001809
171,1.218,1.7396769815112232,17.939,0.23933031567271207
172,1.206,1.7376892702666955,17.941,0.235624701591323
173,1.197,1.7326831793493003,17.941,0.235624701591323
174,1.191,1.7269971048035953,17.943,0.2318426190328258
175,1.183,1.7226465104599957,17.948,0.2220270253820467
176,1.172,1.714764123720811,17.948,0.2220270253820467
177,1.161,1.7102862333539377,17.948,0.2220270253820467
178,1.146,1.703139454067106,17.95,0.21794494717703367
179,1.131,1.6975980089526495,17.953,0.21163884331568247
180,1.125,1.6939229616484923,17.955,0.2073041244162788
181,1.124,1.6919290765277368,17.957,0.20285709255532577
182,1.112,1.6844749923937727,17.959,0.19829019138626097
183,1.108,1.6823602467961492,17.96,0.19595917942265423
184,1.085,1.6684648632800154,17.962,0.19119623427254
185,1.072,1.6591612338769248,17.963,0.1887617546008725
186,1.058,1.6476152463484912,17.964,0.18629009635512028
187,1.056,1.6434305583139193,17.965,0.1837797594948911
188,1.05,1.6399695119117306,17.966,0.18122913673027305
189,1.027,1.6261214591782496,17.967,0.17863650242881493
190,1.015,1.6188807862223829,17.967,0.17863650242881493
191,1.011,1.6164402246912812,17.967,0.17863650242881493
192,1.004,1.6124465882626933,17.97,0.17058722109231983
193,0.99,1.6055840058994109,17.971,0.16780643611018023
194,0.985,1.6014914923283232,17.972,0.16497272501841023
195,0.97,1.5928276742949938,17.972,0.16497272501841023
196,0.954,1.5817344909939848,17.972,0.16497272501841023
197,0.945,1.574793637274421,17.972,0.16497272501841023
198,0.944,1.5750758711884327,17.975,0.15612494995995993
199,0.921,1.559089157168377,17.975,0.15612494995995993
200,0.917,1.5563132718061616,17.976,0.15304901175767194
201,0.913,1.5535221272965505,17.976,0.15304901175767194
202,0.907,1.5467226642161802,17.976,0.15304901175767194
203,0.887,1.529781356926538,17.976,0.15304901175767194
204,0.882,1.5251478616842369,17.977,0.14990330216509576
205,0.878,1.5222076073913178,17.977,0.14990330216509576
206,0.874,1.5192511313143724,17.977,0.14990330216509576
207,0.866,1.5126281763870457,17.977,0.14990330216509576
208,0.866,1.5126281763870457,17.977,0.14990330216509576
209,0.857,1.5021820795096712,17.977,0.14990330216509576
210,0.854,1.500894400016204,17.977,0.14990330216509576
211,0.853,1.5011299077694777,17.978,0.14668333238647122
212,0.846,1.4940829963559588,17.979,0.14338409953687334
213,0.844,1.4925360967159222,17.982,0.132951118836962
214,0.83,1.483610461003831,17.982,0.132951118836962
215,0.824,1.4808862211527256,17.983,0.12927103310486848
216,0.823,1.4790777531962274,17.984,0.12547509713086497
217,0.809,1.4698704024505016,17.984,0.12547509713086497
218,0.806,1.4684563323435942,17.984,0.12547509713086497
219,0.789,1.4554995705942342,17.984,0.12547509713086497
220,0.785,1.452162181025246,17.984,0.12547509713086497
221,0.78,1.4469277798148736,17.984,0.12547509713086497
222,0.773,1.4420371007709893,17.984,0.12547509713086497
223,0.769,1.438623995351113,17.986,0.11749042514179614
224,0.76,1.4319217855734998,17.987,0.1132740040786058
225,0.754,1.4288050951756857,17.987,0.1132740040786058
226,0.754,1.4288050951756857,17.987,0.1132740040786058
227,0.747,1.4237243412964462,17.987,0.1132740040786058
228,0.74,1.4185908501044264,17.987,0.1132740040786058
229,0.735,1.4130728926704383,17.987,0.1132740040786058
230,0.722,1.4002556909364805,17.987,0.1132740040786058
231,0.71,1.3913662350366278,17.988,0.10888526071052959
232,0.705,1.3856316249277802,17.988,0.10888526071052959
233,0.7,1.379855064852827,17.988,0.10888526071052959
234,0.693,1.3743183765052407,17.988,0.10888526071052959
235,0.691,1.372413567405977,17.989,0.10430244484191155
236,0.684,1.3668006438394738,17.99,0.09949874371066199
237,0.677,1.3611285758516716,17.99,0.09949874371066199
238,0.667,1.3557695231860023,17.991,0.09444045743218316
239,0.662,1.3489833208753916,17.991,0.09444045743218316
240,0.661,1.34910303535349,17.993,0.08337265738837883
241,0.654,1.34323639021581,17.993,0.08337265738837883
242,0.654,1.34323639021581,17.993,0.08337265738837883
243,0.65,1.3392161886715677,17.993,0.08337265738837883
244,0.645,1.3322818770815732,17.993,0.08337265738837883
245,0.633,1.3199662874482818,17.993,0.08337265738837883
246,0.626,1.31382038346191,17.993,0.08337265738837883
247,0.616,1.3055818626191158,17.993,0.08337265738837883
248,0.615,1.303370630327383,17.994,0.0772269383052313
249,0.602,1.2929021618049836,17.994,0.0772269383052313
250,0.589,1.2822164403875032,17.994,0.0772269383052313
251,0.586,1.2800796850196474,17.994,0.0772269383052313
252,0.579,1.273483019125108,17.994,0.0772269383052313
253,0.574,1.2690642221731727,17.995,0.07053367989832941
254,0.57,1.2645552577882866,17.995,0.07053367989832941
255,0.569,1.2646102166280326,17.996,0.063118935352238
256,0.568,1.2646643823560462,17.997,0.054690035655501276
257,0.568,1.2646643823560462,17.997,0.054690035655501276
258,0.566,1.2600174601964849,17.997,0.054690035655501276
259,0.563,1.2577881379628288,17.997,0.054690035655501276
260,0.547,1.2441024877396556,17.997,0.054690035655501276
261,0.541,1.2394833601142052,17.997,0.054690035655501276
262,0.537,1.2347594907511341,17.997,0.054690035655501276
263,0.529,1.224401486441437,17.997,0.054690035655501276
264,0.529,1.224401486441437,17.997,0.054690035655501276
265,0.523,1.219619202866206,17.997,0.054690035655501276
266,0.511,1.2099086742395064,17.997,0.054690035655501276
267,0.505,1.2049792529334273,17.997,0.054690035655501276
268,0.498,1.1974957202428742,17.997,0.054690035655501276
269,0.495,1.1949790793147803,17.997,0.054690035655501276
270,0.482,1.1762975813968162,17.997,0.054690035655501276
271,0.473,1.1684481160924518,17.997,0.054690035655501276
272,0.469,1.1632020460779806,17.997,0.054690035655501276
273,0.469,1.1632020460779806,17.997,0.054690035655501276
274,0.46,1.1551623262554922,17.998,0.044676615807377355
275,0.452,1.144419503503851,17.998,0.044676615807377355
276,0.444,1.133518416259745,17.998,0.044676615807377355
277,0.433,1.1196030546582123,17.998,0.044676615807377355
278,0.43,1.1167363162358426,17.998,0.044676615807377355
279,0.421,1.1080428692067832,17.998,0.044676615807377355
280,0.418,1.1051135688244895,17.998,0.044676615807377355
281,0.409,1.0962294467856626,17.998,0.044676615807377355
282,0.406,1.0932355647343346,17.998,0.044676615807377355
283,0.4,1.0871982339941506,17.998,0.044676615807377355
284,0.397,1.084154509283617,17.998,0.044676615807377355
285,0.397,1.084154509283617,17.998,0.044676615807377355
286,0.39,1.0751278993682567,17.998,0.044676615807377355
287,0.383,1.0659788928491971,17.998,0.044676615807377355
288,0.375,1.0565864848652948,17.999,0.03160696125855822
289,0.369,1.050161416164201,17.999,0.03160696125855822
290,0.369,1.050161416164201,17.999,0.03160696125855822
291,0.361,1.0376314374574434,17.999,0.03160696125855822
292,0.361,1.0376314374574434,18.0,0.0
293,0.356,1.0282334365308299,18.0,0.0
294,0.349,1.018429673566123,18.0,0.0
295,0.346,1.0150290636233035,18.0,0.0
296,0.342,1.0084820276038635,18.0,0.0
297,0.336,1.0015507975135358,18.0,0.0
298,0.333,0.99805360577476,18.0,0.0
299,0.327,0.9909949545784781,18.0,0.0
300,0.318,0.9802428270586835,18.0,0.0
301,0.313,0.9700675234229832,18.0,0.0
302,0.306,0.9593560340144841,18.0,0.0
303,0.303,0.9556102762109667,18.0,0.0
304,0.295,0.941262450116863,18.0,0.0
305,0.294,0.937850734392206,18.0,0.0
306,0.294,0.937850734392206,18.0,0.0
307,0.291,0.9339801925094557,18.0,0.0
308,0.291,0.9339801925094557,18.0,0.0
309,0.291,0.9339801925094557,18.0,0.0
310,0.288,0.9300838671861802,18.0,0.0
311,0.279,0.9182368975378847,18.0,0.0
312,0.276,0.9142341056862844,18.0,0.0
313,0.276,0.9142341056862844,18.0,0.0
314,0.273,0.9102038233275005,18.0,0.0
315,0.273,0.9102038233275005,18.0,0.0
316,0.273,0.9102038233275005,18.0,0.0
317,0.273,0.9102038233275005,18.0,0.0
318,0.272,0.90665098025646,18.0,0.0
319,0.269,0.9025735427099557,18.0,0.0
320,0.268,0.8989860955543194,18.0,0.0
321,0.265,0.8948603242964793,18.0,0.0
322,0.259,0.8865207273380584,18.0,0.0
323,0.256,0.8823060693432863,18.0,0.0
324,0.253,0.8780609318264878,18.0,0.0
325,0.244,0.8651381392586966,18.0,0.0
326,0.24,0.856971411425142,18.0,0.0
327,0.24,0.856971411425142,18.0,0.0
328,0.237,0.8525438405149615,18.0,0.0
329,0.237,0.8525438405149615,18.0,0.0
330,0.233,0.8442221271679629,18.0,0.0
331,0.229,0.8357984206733104,18.0,0.0
332,0.217,0.8098833249302024,18.0,0.0
333,0.214,0.8051111724476314,18.0,0.0
334,0.214,0.8051111724476314,18.0,0.0
335,0.214,0.8051111724476314,18.0,0.0
336,0.214,0.8051111724476314,18.0,0.0
337,0.21,0.7961783719745219,18.0,0.0
338,0.21,0.7961783719745219,18.0,0.0
339,0.21,0.7961783719745219,18.0,0.0
340,0.2,0.7771743691090177,18.0,0.0
341,0.2,0.7771743691090177,18.0,0.0
342,0.2,0.7771743691090177,18.0,0.0
343,0.196,0.7678437341021934,18.0,0.0
344,0.193,0.7627260320718048,18.0,0.0
345,0.186,0.7479331520931535,18.0,0.0
346,0.186,0.7479331520931535,18.0,0.0
347,0.183,0.7426378659885313,18.0,0.0
348,0.177,0.7318954843418559,18.0,0.0
349,0.177,0.7318954843418559,18.0,0.0
350,0.177,0.7318954843418559,18.0,0.0
351,0.174,0.7264461439088242,18.0,0.0
352,0.174,0.7264461439088242,18.0,0.0
353,0.174,0.7264461439088242,18.0,0.0
354,0.174,0.7264461439088242,18.0,0.0
355,0.171,0.7209431322926935,18.0,0.0
356,0.168,0.7153852109178662,18.0,0.0
357,0.162,0.704099424797379,18.0,0.0
358,0.159,0.698368813736696,18.0,0.0
359,0.155,0.6877317791115953,18.0,0.0
360,0.148,0.6708919436094011,18.0,0.0
361,0.145,0.6648120035017419,18.0,0.0
362,0.145,0.6648120035017419,18.0,0.0
363,0.139,0.6524408019123267,18.0,0.0
364,0.139,0.6524408019123267,18.0,0.0
365,0.133,0.6397741789100277,18.0,0.0
366,0.124,0.6201806188522824,18.0,0.0
367,0.117,0.6010915071767359,18.0,0.0
368,0.117,0.6010915071767359,18.0,0.0
369,0.111,0.5870936892864715,18.0,0.0
370,0.111,0.5870936892864715,18.0,0.0
371,0.111,0.5870936892864715,18.0,0.0
372,0.111,0.5870936892864715,18.0,0.0
373,0.111,0.5870936892864715,18.0,0.0
374,0.111,0.5870936892864715,18.0,0.0
375,0.108,0.5799448249618233,18.0,0.0
376,0.108,0.5799448249618233,18.0,0.0
377,0.102,0.565328223247345,18.0,0.0
378,0.096,0.5502581212485645,18.0,0.0
379,0.093,0.542541242671928,18.0,0.0
380,0.093,0.542541242671928,18.0,0.0
381,0.093,0.542541242671928,18.0,0.0
382,0.093,0.542541242671928,18.0,0.0
383,0.09,0.5346961754117942,18.0,0.0
384,0.09,0.5346961754117942,18.0,0.0
385,0.09,0.5346961754117942,18.0,0.0
386,0.09,0.5346961754117942,18.0,0.0
387,0.09,0.5346961754117942,18.0,0.0
388,0.086,0.5201961168636307,18.0,0.0
389,0.086,0.5201961168636307,18.0,0.0
390,0.076,0.48808196033043455,18.0,0.0
391,0.073,0.4792400233703358,18.0,0.0
392,0.064,0.45155730533344274,18.0,0.0
393,0.064,0.45155730533344274,18.0,0.0
394,0.064,0.45155730533344274,18.0,0.0
395,0.064,0.45155730533344274,18.0,0.0
396,0.061,0.4419038356927897,18.0,0.0
397,0.061,0.4419038356927897,18.0,0.0
398,0.058,0.43201388866563073,18.0,0.0
399,0.058,0.43201388866563073,18.0,0.0
400,0.058,0.43201388866563073,18.0,0.0
401,0.058,0.43201388866563073,18.0,0.0
402,0.058,0.43201388866563073,18.0,0.0
403,0.054,0.41362301676768437,18.0,0.0
404,0.054,0.41362301676768437,18.0,0.0
405,0.054,0.41362301676768437,18.0,0.0
406,0.054,0.41362301676768437,18.0,0.0
407,0.051,0.40298759286112024,18.0,0.0
408,0.048,0.39204081420178694,18.0,0.0
409,0.048,0.39204081420178694,18.0,0.0
410,0.048,0.39204081420178694,18.0,0.0
411,0.048,0.39204081420178694,18.0,0.0
412,0.048,0.39204081420178694,18.0,0.0
413,0.048,0.39204081420178694,18.0,0.0
414,0.045,0.3807558272699184,18.0,0.0
415,0.045,0.3807558272699184,18.0,0.0
416,0.045,0.3807558272699184,18.0,0.0
417,0.039,0.35704201433444777,18.0,0.0
418,0.039,0.35704201433444777,18.0,0.0
419,0.039,0.35704201433444777,18.0,0.0
420,0.039,0.35704201433444777,18.0,0.0
421,0.039,0.35704201433444777,18.0,0.0
422,0.039,0.35704201433444777,18.0,0.0
423,0.039,0.35704201433444777,18.0,0.0
424,0.039,0.35704201433444777,18.0,0.0
425,0.039,0.35704201433444777,18.0,0.0
426,0.039,0.35704201433444777,18.0,0.0
427,0.039,0.35704201433444777,18.0,0.0
428,0.039,0.35704201433444777,18.0,0.0
429,0.039,0.35704201433444777,18.0,0.0
430,0.036,0.3445344685223817,18.0,0.0
431,0.03,0.3179622619116929,18.0,0.0
432,0.03,0.3179622619116929,18.0,0.0
433,0.03,0.3179622619116929,18.0,0.0
434,0.03,0.3179622619116929,18.0,0.0
435,0.03,0.3179622619116929,18.0,0.0
436,0.029,0.3068533851858245,18.0,0.0
437,0.026,0.2921027216579812,18.0,0.0
438,0.026,0.2921027216579812,18.0,0.0
439,0.026,0.2921027216579812,18.0,0.0
440,0.026,0.2921027216579812,18.0,0.0
441,0.026,0.2921027216579812,18.0,0.0
442,0.026,0.2921027216579812,18.0,0.0
443,0.026,0.2921027216579812,18.0,0.0
444,0.023,0.27653390388883603,18.0,0.0
445,0.022,0.26365887051263803,18.0,0.0
446,0.019,0.24624987309641397,18.0,0.0
447,0.019,0.24624987309641397,18.0,0.0
448,0.016,0.22747307532980693,18.0,0.0
449,0.016,0.22747307532980693,18.0,0.0
450,0.016,0.22747307532980693,18.0,0.0
451,0.016,0.22747307532980693,18.0,0.0
452,0.015,0.21160103969498828,18.0,0.0
453,0.015,0.21160103969498828,18.0,0.0
454,0.015,0.21160103969498828,18.0,0.0
455,0.015,0.21160103969498828,18.0,0.0
456,0.015,0.21160103969498828,18.0,0.0
457,0.015,0.21160103969498828,18.0,0.0
458,0.015,0.21160103969498828,18.0,0.0
459,0.015,0.21160103969498828,18.0,0.0
460,0.015,0.21160103969498828,18.0,0.0
461,0.012,0.189356806056714,18.0,0.0
462,0.012,0.189356806056714,18.0,0.0
463,0.012,0.189356806056714,18.0,0.0
464,0.012,0.189356806056714,18.0,0.0
465,0.012,0.189356806056714,18.0,0.0
466,0.012,0.189356806056714,18.0,0.0
467,0.012,0.189356806056714,18.0,0.0
468,0.012,0.189356806056714,18.0,0.0
469,0.012,0.189356806056714,18.0,0.0
470,0.012,0.189356806056714,18.0,0.0
471,0.012,0.189356806056714,18.0,0.0
472,0.009,0.1640701069665038,18.0,0.0
473,0.009,0.1640701069665038,18.0,0.0
474,0.009,0.1640701069665038,18.0,0.0
475,0.009,0.1640701069665038,18.0,0.0
476,0.009,0.1640701069665038,18.0,0.0
477,0.009,0.1640701069665038,18.0,0.0
478,0.009,0.1640701069665038,18.0,0.0
479,0.009,0.1640701069665038,18.0,0.0
480,0.009,0.1640701069665038,18.0,0.0
481,0.009,0.1640701069665038,18.0,0.0
482,0.006,0.13402984742213206,18.0,0.0
483,0.006,0.13402984742213206,18.0,0.0
484,0.006,0.13402984742213206,18.0,0.0
485,0.006,0.13402984742213206,18.0,0.0
486,0.006,0.13402984742213206,18.0,0.0
487,0.006,0.13402984742213206,18.0,0.0
488,0.006,0.13402984742213206,18.0,0.0
489,0.006,0.13402984742213206,18.0,0.0
490,0.006,0.13402984742213206,18.0,0.0
491,0.006,0.13402984742213206,18.0,0.0
492,0.006,0.13402984742213206,18.0,0.0
493,0.006,0.13402984742213206,18.0,0.0
494,0.006,0.13402984742213206,18.0,0.0
495,0.006,0.13402984742213206,18.0,0.0
496,0.006,0.13402984742213206,18.0,0.0
497,0.003,0.09482088377567464,18.0,0.0
498,0.003,0.09482088377567464,18.0,0.0
499,0.003,0.09482088377567464,18.0,0.0
500,0.003,0.09482088377567464,18.0,0.0
501,0.003,0.09482088377567464,18.0,0.0
502,0.003,0.09482088377567464,18.0,0.0
503,0.003,0.09482088377567464,18.0,0.0
504,0.003,0.09482088377567464,18.0,0.0
505,0.003,0.09482088377567464,18.0,0.0
506,0.003,0.09482088377567464,18.0,0.0
507,0.003,0.09482088377567464,18.0,0.0
508,0.003,0.09482088377567464,18.0,0.0
509,0.003,0.09482088377567464,18.0,0.0
510,0.003,0.09482088377567464,18.0,0.0
511,0.003,0.09482088377567464,18.0,0.0
512,0.003,0.09482088377567464,18.0,0.0
513,0.003,0.09482088377567464,18.0,0.0
514,0.003,0.09482088377567464,18.0,0.0
515,0.003,0.09482088377567464,18.0,0.0
516,0.003,0.09482088377567464,18.0,0.0
517,0.003,0.09482088377567464,18.0,0.0
518,0.003,0.09482088377567464,18.0,0.0
519,0.003,0.09482088377567464,18.0,0.0
520,0.0,0.0,18.0,0.0
521,0.0,0.0,18.0,0.0
522,0.0,0.0,18.0,0.0
523,0.0,0.0,18.0,0.0
524,0.0,0.0,18.0,0.0
525,0.0,0.0,18.0,0.0
526,0.0,0.0,18.0,0.0
527,0.0,0.0,18.0,0.0
528,0.0,0.0,18.0,0.0
529,0.0,0.0,18.0,0.0
530,0.0,0.0,18.0,0.0
531,0.0,0.0,18.0,0.0
532,0.0,0.0,18.0,0.0
533,0.0,0.0,18.0,0.0
534,0.0,0.0,18.0,0.0
535,0.0,0.0,18.0,0.0
536,0.0,0.0,18.0,0.0
537,0.0,0.0,18.0,0.0
538,0.0,0.0,18.0,0.0
539,0.0,0.0,18.0,0.0
540,0.0,0.0,18.0,0.0
541,0.0,0.0,18.0,0.0
542,0.0,0.0,18.0,0.0
543,0.0,0.0,18.0,0.0
544,0.0,0.0,18.0,0.0
545,0.0,0.0,18.0,0.0
546,0.0,0.0,18.0,0.0
547,0.0,0.0,18.0,0.0
548,0.0,0.0,18.0,0.0
549,0.0,0.0,18.0,0.0
550,0.0,0.0,18.0,0.0
551,0.0,0.0,18.0,0.0
