,Core genome (mean),Core genome (std),Pan genome (mean),Pan genome (std)
0,10.9,1.3,10.9,1.3
1,7.9,1.8138357147217055,14.5,1.4317821063276353
2,6.0,1.61245154965971,16.0,1.0
3,4.6,1.8547236990991407,17.4,1.3564659966250536
4,4.0,1.8973665961010275,17.6,1.2806248474865698
5,2.5,1.746424919657298,18.0,1.4832396974191326
6,1.8,0.9797958971132712,18.6,1.6852299546352716
7,1.6,1.0198039027185568,18.7,1.676305461424021
8,1.4,1.019803902718557,19.0,1.6733200530681511
9,1.1,0.9433981132056604,19.2,1.7776388834631178
10,0.8,0.7483314773547883,19.2,1.7776388834631178
11,0.7,0.7810249675906655,19.3,1.676305461424021
12,0.7,0.7810249675906655,19.6,1.42828568570857
13,0.7,0.7810249675906655,19.6,1.42828568570857
14,0.7,0.7810249675906655,19.8,1.469693845669907
15,0.5,0.6708203932499369,20.3,1.1874342087037917
16,0.5,0.6708203932499369,20.4,1.0198039027185568
17,0.5,0.6708203932499369,20.5,1.02469507659596
18,0.5,0.6708203932499369,20.5,1.02469507659596
19,0.5,0.6708203932499369,20.5,1.02469507659596
20,0.5,0.6708203932499369,20.5,1.02469507659596
21,0.5,0.6708203932499369,20.6,0.9165151389911679
22,0.4,0.48989794855663565,20.6,0.9165151389911679
23,0.4,0.48989794855663565,20.6,0.9165151389911679
24,0.4,0.48989794855663565,20.7,1.004987562112089
25,0.4,0.48989794855663565,21.0,0.8944271909999159
26,0.4,0.48989794855663565,21.1,0.8306623862918074
27,0.3,0.45825756949558394,21.1,0.8306623862918074
28,0.2,0.4000000000000001,21.1,0.8306623862918074
29,0.2,0.4000000000000001,21.1,0.8306623862918074
30,0.2,0.4000000000000001,21.1,0.8306623862918074
31,0.2,0.4000000000000001,21.1,0.8306623862918074
32,0.2,0.4000000000000001,21.1,0.8306623862918074
33,0.2,0.4000000000000001,21.2,0.7483314773547883
34,0.1,0.30000000000000004,21.4,0.4898979485566356
35,0.1,0.30000000000000004,21.5,0.5
36,0.1,0.30000000000000004,21.5,0.5
37,0.1,0.30000000000000004,21.5,0.5
38,0.0,0.0,21.5,0.5
39,0.0,0.0,21.6,0.4898979485566356
40,0.0,0.0,21.6,0.4898979485566356
41,0.0,0.0,21.6,0.4898979485566356
42,0.0,0.0,21.6,0.4898979485566356
43,0.0,0.0,21.6,0.4898979485566356
44,0.0,0.0,21.6,0.4898979485566356
45,0.0,0.0,21.6,0.4898979485566356
46,0.0,0.0,21.6,0.4898979485566356
47,0.0,0.0,21.6,0.4898979485566356
48,0.0,0.0,21.6,0.4898979485566356
49,0.0,0.0,21.6,0.4898979485566356
50,0.0,0.0,21.6,0.4898979485566356
51,0.0,0.0,21.6,0.4898979485566356
52,0.0,0.0,21.6,0.4898979485566356
53,0.0,0.0,21.6,0.4898979485566356
54,0.0,0.0,21.6,0.4898979485566356
55,0.0,0.0,21.6,0.4898979485566356
56,0.0,0.0,21.6,0.4898979485566356
57,0.0,0.0,21.6,0.4898979485566356
58,0.0,0.0,21.6,0.4898979485566356
59,0.0,0.0,21.6,0.4898979485566356
60,0.0,0.0,21.6,0.4898979485566356
61,0.0,0.0,21.6,0.4898979485566356
62,0.0,0.0,21.6,0.4898979485566356
63,0.0,0.0,21.6,0.4898979485566356
64,0.0,0.0,21.6,0.4898979485566356
65,0.0,0.0,21.6,0.4898979485566356
66,0.0,0.0,21.6,0.4898979485566356
67,0.0,0.0,21.6,0.4898979485566356
68,0.0,0.0,21.6,0.4898979485566356
69,0.0,0.0,21.6,0.4898979485566356
70,0.0,0.0,21.6,0.4898979485566356
71,0.0,0.0,21.6,0.4898979485566356
72,0.0,0.0,21.6,0.4898979485566356
73,0.0,0.0,21.6,0.4898979485566356
74,0.0,0.0,21.6,0.4898979485566356
75,0.0,0.0,21.6,0.4898979485566356
76,0.0,0.0,21.7,0.45825756949558405
77,0.0,0.0,21.7,0.45825756949558405
78,0.0,0.0,21.7,0.45825756949558405
79,0.0,0.0,21.7,0.45825756949558405
80,0.0,0.0,21.7,0.45825756949558405
81,0.0,0.0,21.8,0.39999999999999997
82,0.0,0.0,21.8,0.39999999999999997
83,0.0,0.0,21.8,0.39999999999999997
84,0.0,0.0,21.8,0.39999999999999997
85,0.0,0.0,21.8,0.39999999999999997
86,0.0,0.0,21.8,0.39999999999999997
87,0.0,0.0,21.8,0.39999999999999997
88,0.0,0.0,21.8,0.39999999999999997
89,0.0,0.0,21.8,0.39999999999999997
90,0.0,0.0,21.9,0.3
91,0.0,0.0,21.9,0.3
92,0.0,0.0,21.9,0.3
93,0.0,0.0,21.9,0.3
94,0.0,0.0,21.9,0.3
95,0.0,0.0,21.9,0.3
96,0.0,0.0,21.9,0.3
97,0.0,0.0,22.0,0.0
98,0.0,0.0,22.0,0.0
99,0.0,0.0,22.0,0.0
100,0.0,0.0,22.0,0.0
101,0.0,0.0,22.0,0.0
102,0.0,0.0,22.0,0.0
103,0.0,0.0,22.0,0.0
104,0.0,0.0,22.0,0.0
105,0.0,0.0,22.0,0.0
106,0.0,0.0,22.0,0.0
107,0.0,0.0,22.0,0.0
108,0.0,0.0,22.0,0.0
109,0.0,0.0,22.0,0.0
110,0.0,0.0,22.0,0.0
111,0.0,0.0,22.0,0.0
112,0.0,0.0,22.0,0.0
113,0.0,0.0,22.0,0.0
114,0.0,0.0,22.0,0.0
115,0.0,0.0,22.0,0.0
116,0.0,0.0,22.0,0.0
117,0.0,0.0,22.0,0.0
118,0.0,0.0,22.0,0.0
119,0.0,0.0,22.0,0.0
120,0.0,0.0,22.0,0.0
121,0.0,0.0,22.0,0.0
122,0.0,0.0,22.0,0.0
123,0.0,0.0,22.0,0.0
124,0.0,0.0,22.0,0.0
125,0.0,0.0,22.0,0.0
126,0.0,0.0,22.0,0.0
127,0.0,0.0,22.0,0.0
128,0.0,0.0,22.0,0.0
129,0.0,0.0,22.0,0.0
130,0.0,0.0,22.0,0.0
131,0.0,0.0,22.0,0.0
132,0.0,0.0,22.0,0.0
133,0.0,0.0,22.0,0.0
134,0.0,0.0,22.0,0.0
135,0.0,0.0,22.0,0.0
136,0.0,0.0,22.0,0.0
137,0.0,0.0,22.0,0.0
138,0.0,0.0,22.0,0.0
139,0.0,0.0,22.0,0.0
140,0.0,0.0,22.0,0.0
141,0.0,0.0,22.0,0.0
142,0.0,0.0,22.0,0.0
143,0.0,0.0,22.0,0.0
144,0.0,0.0,22.0,0.0
145,0.0,0.0,22.0,0.0
146,0.0,0.0,22.0,0.0
147,0.0,0.0,22.0,0.0
148,0.0,0.0,22.0,0.0
149,0.0,0.0,22.0,0.0
150,0.0,0.0,22.0,0.0
151,0.0,0.0,22.0,0.0
152,0.0,0.0,22.0,0.0
153,0.0,0.0,22.0,0.0
154,0.0,0.0,22.0,0.0
155,0.0,0.0,22.0,0.0
156,0.0,0.0,22.0,0.0
157,0.0,0.0,22.0,0.0
158,0.0,0.0,22.0,0.0
159,0.0,0.0,22.0,0.0
160,0.0,0.0,22.0,0.0
161,0.0,0.0,22.0,0.0
162,0.0,0.0,22.0,0.0
163,0.0,0.0,22.0,0.0
164,0.0,0.0,22.0,0.0
165,0.0,0.0,22.0,0.0
166,0.0,0.0,22.0,0.0
167,0.0,0.0,22.0,0.0
168,0.0,0.0,22.0,0.0
169,0.0,0.0,22.0,0.0
170,0.0,0.0,22.0,0.0
171,0.0,0.0,22.0,0.0
172,0.0,0.0,22.0,0.0
173,0.0,0.0,22.0,0.0
174,0.0,0.0,22.0,0.0
175,0.0,0.0,22.0,0.0
176,0.0,0.0,22.0,0.0
177,0.0,0.0,22.0,0.0
178,0.0,0.0,22.0,0.0
179,0.0,0.0,22.0,0.0
180,0.0,0.0,22.0,0.0
181,0.0,0.0,22.0,0.0
182,0.0,0.0,22.0,0.0
183,0.0,0.0,22.0,0.0
184,0.0,0.0,22.0,0.0
185,0.0,0.0,22.0,0.0
186,0.0,0.0,22.0,0.0
187,0.0,0.0,22.0,0.0
188,0.0,0.0,22.0,0.0
189,0.0,0.0,22.0,0.0
190,0.0,0.0,22.0,0.0
191,0.0,0.0,22.0,0.0
192,0.0,0.0,22.0,0.0
193,0.0,0.0,22.0,0.0
194,0.0,0.0,22.0,0.0
195,0.0,0.0,22.0,0.0
196,0.0,0.0,22.0,0.0
197,0.0,0.0,22.0,0.0
198,0.0,0.0,22.0,0.0
199,0.0,0.0,22.0,0.0
200,0.0,0.0,22.0,0.0
201,0.0,0.0,22.0,0.0
202,0.0,0.0,22.0,0.0
203,0.0,0.0,22.0,0.0
204,0.0,0.0,22.0,0.0
205,0.0,0.0,22.0,0.0
206,0.0,0.0,22.0,0.0
207,0.0,0.0,22.0,0.0
208,0.0,0.0,22.0,0.0
209,0.0,0.0,22.0,0.0
210,0.0,0.0,22.0,0.0
211,0.0,0.0,22.0,0.0
212,0.0,0.0,22.0,0.0
213,0.0,0.0,22.0,0.0
214,0.0,0.0,22.0,0.0
215,0.0,0.0,22.0,0.0
216,0.0,0.0,22.0,0.0
217,0.0,0.0,22.0,0.0
218,0.0,0.0,22.0,0.0
219,0.0,0.0,22.0,0.0
220,0.0,0.0,22.0,0.0
221,0.0,0.0,22.0,0.0
222,0.0,0.0,22.0,0.0
223,0.0,0.0,22.0,0.0
224,0.0,0.0,22.0,0.0
225,0.0,0.0,22.0,0.0
226,0.0,0.0,22.0,0.0
227,0.0,0.0,22.0,0.0
228,0.0,0.0,22.0,0.0
229,0.0,0.0,22.0,0.0
230,0.0,0.0,22.0,0.0
231,0.0,0.0,22.0,0.0
232,0.0,0.0,22.0,0.0
233,0.0,0.0,22.0,0.0
234,0.0,0.0,22.0,0.0
235,0.0,0.0,22.0,0.0
236,0.0,0.0,22.0,0.0
237,0.0,0.0,22.0,0.0
238,0.0,0.0,22.0,0.0
239,0.0,0.0,22.0,0.0
240,0.0,0.0,22.0,0.0
241,0.0,0.0,22.0,0.0
242,0.0,0.0,22.0,0.0
243,0.0,0.0,22.0,0.0
244,0.0,0.0,22.0,0.0
245,0.0,0.0,22.0,0.0
246,0.0,0.0,22.0,0.0
247,0.0,0.0,22.0,0.0
248,0.0,0.0,22.0,0.0
249,0.0,0.0,22.0,0.0
250,0.0,0.0,22.0,0.0
251,0.0,0.0,22.0,0.0
252,0.0,0.0,22.0,0.0
253,0.0,0.0,22.0,0.0
254,0.0,0.0,22.0,0.0
255,0.0,0.0,22.0,0.0
256,0.0,0.0,22.0,0.0
257,0.0,0.0,22.0,0.0
258,0.0,0.0,22.0,0.0
259,0.0,0.0,22.0,0.0
260,0.0,0.0,22.0,0.0
261,0.0,0.0,22.0,0.0
262,0.0,0.0,22.0,0.0
263,0.0,0.0,22.0,0.0
264,0.0,0.0,22.0,0.0
265,0.0,0.0,22.0,0.0
266,0.0,0.0,22.0,0.0
267,0.0,0.0,22.0,0.0
268,0.0,0.0,22.0,0.0
269,0.0,0.0,22.0,0.0
270,0.0,0.0,22.0,0.0
271,0.0,0.0,22.0,0.0
272,0.0,0.0,22.0,0.0
273,0.0,0.0,22.0,0.0
274,0.0,0.0,22.0,0.0
275,0.0,0.0,22.0,0.0
276,0.0,0.0,22.0,0.0
277,0.0,0.0,22.0,0.0
278,0.0,0.0,22.0,0.0
279,0.0,0.0,22.0,0.0
280,0.0,0.0,22.0,0.0
281,0.0,0.0,22.0,0.0
282,0.0,0.0,22.0,0.0
283,0.0,0.0,22.0,0.0
284,0.0,0.0,22.0,0.0
285,0.0,0.0,22.0,0.0
286,0.0,0.0,22.0,0.0
287,0.0,0.0,22.0,0.0
288,0.0,0.0,22.0,0.0
289,0.0,0.0,22.0,0.0
290,0.0,0.0,22.0,0.0
291,0.0,0.0,22.0,0.0
292,0.0,0.0,22.0,0.0
293,0.0,0.0,22.0,0.0
294,0.0,0.0,22.0,0.0
295,0.0,0.0,22.0,0.0
296,0.0,0.0,22.0,0.0
297,0.0,0.0,22.0,0.0
298,0.0,0.0,22.0,0.0
299,0.0,0.0,22.0,0.0
300,0.0,0.0,22.0,0.0
301,0.0,0.0,22.0,0.0
302,0.0,0.0,22.0,0.0
303,0.0,0.0,22.0,0.0
304,0.0,0.0,22.0,0.0
305,0.0,0.0,22.0,0.0
306,0.0,0.0,22.0,0.0
307,0.0,0.0,22.0,0.0
308,0.0,0.0,22.0,0.0
309,0.0,0.0,22.0,0.0
310,0.0,0.0,22.0,0.0
311,0.0,0.0,22.0,0.0
312,0.0,0.0,22.0,0.0
313,0.0,0.0,22.0,0.0
314,0.0,0.0,22.0,0.0
315,0.0,0.0,22.0,0.0
316,0.0,0.0,22.0,0.0
317,0.0,0.0,22.0,0.0
318,0.0,0.0,22.0,0.0
319,0.0,0.0,22.0,0.0
320,0.0,0.0,22.0,0.0
321,0.0,0.0,22.0,0.0
322,0.0,0.0,22.0,0.0
323,0.0,0.0,22.0,0.0
324,0.0,0.0,22.0,0.0
325,0.0,0.0,22.0,0.0
326,0.0,0.0,22.0,0.0
327,0.0,0.0,22.0,0.0
328,0.0,0.0,22.0,0.0
329,0.0,0.0,22.0,0.0
