,Core genome (mean),Core genome (std),Pan genome (mean),Pan genome (std)
0,10.661,2.2203781209514744,10.661,2.2203781209514744
1,6.881,2.218747169012279,14.41,1.873472711303797
2,4.896,1.9892672017604873,16.253,1.6330924652327556
3,3.763,1.7941100858085606,17.272,1.465611135328877
4,3.021,1.626824821546561,17.942,1.3973675250269701
5,2.468,1.4869351028205635,18.42,1.3444701558606644
6,2.064,1.3637829739368357,18.745,1.2999903845798244
7,1.765,1.2408767062041257,19.031,1.2751623426058347
8,1.523,1.1521592771834979,19.248,1.2142882689048757
9,1.332,1.0685391897352197,19.428,1.17848037743528
10,1.186,1.0026983594281982,19.618,1.1756172846636783
11,1.05,0.9441927769264071,19.783,1.1729923273406353
12,0.928,0.8688014732952517,19.895,1.1592993573706492
13,0.858,0.8159877450060141,20.007,1.1397153153309822
14,0.764,0.7643978021946426,20.141,1.1086563940193552
15,0.679,0.7056621004418474,20.234,1.0905246443799426
16,0.622,0.6716516954493602,20.342,1.0691286171457577
17,0.576,0.6589567512363766,20.423,1.0526495143208872
18,0.527,0.6223110154898432,20.51,1.0372559954032563
19,0.482,0.6047115014616474,20.565,1.0226314096486573
20,0.456,0.5933498125052372,20.637,1.0145102266611215
21,0.434,0.5845032078611717,20.706,0.9927557604970118
22,0.407,0.5633391518437184,20.758,0.9876416354123596
23,0.378,0.5523730623410233,20.811,0.9670982369956012
24,0.356,0.5341011140224293,20.869,0.9517557459768762
25,0.338,0.5213022156101008,20.928,0.9395828861787554
26,0.318,0.5048524536931558,20.978,0.9227762459014645
27,0.298,0.4870277199503125,21.012,0.9043539130229935
28,0.282,0.47799163172591214,21.057,0.8909270452736296
29,0.262,0.45973470610777256,21.091,0.8767662174148819
30,0.251,0.4538711270834486,21.138,0.8607880110689275
31,0.231,0.43776591918512797,21.175,0.8557891095357548
32,0.216,0.4211223100240594,21.212,0.8348987962621578
33,0.21,0.41701318923986086,21.251,0.8111713752346047
34,0.206,0.4142028488554853,21.281,0.7937499606299203
35,0.198,0.40099376553757043,21.305,0.7810089628166889
36,0.192,0.3964038344920493,21.327,0.7733505026829683
37,0.186,0.3916682269472468,21.348,0.7621653363936199
38,0.177,0.3842798459456337,21.385,0.7434883993715034
39,0.163,0.3720631666800679,21.405,0.7368683735919189
40,0.157,0.36653922027526603,21.434,0.727766446052578
41,0.148,0.3579050153322806,21.451,0.7222181110994103
42,0.138,0.34489998550304407,21.472,0.7065521919858434
43,0.129,0.33519994033412354,21.489,0.6941750499693863
44,0.121,0.3261272757682191,21.512,0.684
45,0.113,0.3165927984019852,21.534,0.6729368469626255
46,0.107,0.3091132478558627,21.553,0.6551267053021118
47,0.101,0.3013287241535396,21.568,0.6444967028620083
48,0.094,0.2918287168871494,21.582,0.6318829005440803
49,0.091,0.2876091097305508,21.599,0.6214491129609889
50,0.087,0.2818350581457176,21.624,0.6071441344524379
51,0.082,0.27436472076416824,21.643,0.5861322376392549
52,0.076,0.2649981132008302,21.651,0.582407932638284
53,0.073,0.2601365026289083,21.663,0.570465599313403
54,0.069,0.25345413786324344,21.68,0.56
55,0.067,0.25002199903208516,21.692,0.5469332683243907
56,0.064,0.24475293665245368,21.701,0.5399990740732802
57,0.06,0.23748684174075835,21.717,0.5300103772568987
58,0.055,0.22798026230356,21.723,0.5275139808573797
59,0.053,0.22403347964087864,21.729,0.5191907164039049
60,0.048,0.2137662274541982,21.735,0.5165026621422197
61,0.046,0.2094850830011531,21.747,0.5049663355115864
62,0.043,0.20285709255532575,21.753,0.49395445134141674
63,0.04,0.19595917942265426,21.77,0.4765501022977542
64,0.039,0.19359493795035035,21.777,0.4725156082078136
65,0.038,0.19119623427254,21.785,0.4655910222502147
66,0.036,0.18629009635512025,21.797,0.4492115314637415
67,0.036,0.18629009635512025,21.802,0.44586545055655524
68,0.035,0.18377975949489106,21.808,0.4417420061529127
69,0.033,0.1786365024288149,21.816,0.4360550423971726
70,0.032,0.176,21.821,0.4277370687700565
71,0.03,0.1705872210923198,21.825,0.4247057805116385
72,0.029,0.16780643611018023,21.835,0.41445747670901045
73,0.028,0.16497272501841023,21.842,0.40377716626872306
74,0.026,0.15913516267626082,21.845,0.3987166913987926
75,0.024,0.15304901175767194,21.85,0.39433488306260706
76,0.024,0.15304901175767194,21.852,0.3925506336767271
77,0.023,0.14990330216509573,21.857,0.38281980095078677
78,0.019,0.13652472303579302,21.864,0.37350234269680294
79,0.017,0.12927103310486848,21.868,0.3695619027984351
80,0.017,0.12927103310486848,21.873,0.36176097080807373
81,0.015,0.12155245781143217,21.876,0.3586418826629149
82,0.014,0.11749042514179613,21.88,0.35156791662493886
83,0.012,0.10888526071052962,21.888,0.33978816930552486
84,0.011,0.10430244484191156,21.894,0.33281225938958436
85,0.009,0.09444045743218316,21.899,0.32062283137668157
86,0.008,0.08908422980528033,21.902,0.316853278348197
87,0.008,0.08908422980528033,21.904,0.3142992204890111
88,0.006,0.07722693830523131,21.907,0.31040457470855676
89,0.005,0.07053367989832944,21.911,0.305088511747001
90,0.004,0.063118935352238,21.912,0.3037367281051141
91,0.004,0.063118935352238,21.913,0.2990501630161736
92,0.004,0.063118935352238,21.915,0.29626845934051094
93,0.004,0.063118935352238,21.917,0.2934467583736443
94,0.004,0.063118935352238,21.918,0.2885758132623038
95,0.004,0.063118935352238,21.92,0.285657137141714
96,0.004,0.063118935352238,21.922,0.28269418105083094
97,0.004,0.063118935352238,21.927,0.27508362364924593
98,0.004,0.063118935352238,21.929,0.26825174743140073
99,0.004,0.063118935352238,21.935,0.25450933185248825
100,0.004,0.063118935352238,21.94,0.24166091947189144
101,0.004,0.063118935352238,21.942,0.23798319268385323
102,0.003,0.054690035655501276,21.944,0.23423065555131764
103,0.003,0.054690035655501276,21.95,0.22248595461286988
104,0.003,0.054690035655501276,21.95,0.22248595461286988
105,0.003,0.054690035655501276,21.952,0.21839413911549915
106,0.003,0.054690035655501276,21.954,0.21420550879937703
107,0.003,0.054690035655501276,21.955,0.21207310060448498
108,0.003,0.054690035655501276,21.957,0.20772818778394042
109,0.003,0.054690035655501276,21.957,0.20772818778394042
110,0.003,0.054690035655501276,21.958,0.20551398979144944
111,0.003,0.054690035655501276,21.958,0.20551398979144944
112,0.003,0.054690035655501276,21.958,0.20551398979144944
113,0.003,0.054690035655501276,21.959,0.2032707553978191
114,0.003,0.054690035655501276,21.96,0.20099751242241778
115,0.003,0.054690035655501276,21.962,0.19635681806344285
116,0.003,0.054690035655501276,21.963,0.1939871129740324
117,0.003,0.054690035655501276,21.965,0.1837797594948911
118,0.002,0.044676615807377355,21.965,0.1837797594948911
119,0.001,0.03160696125855822,21.965,0.1837797594948911
120,0.001,0.03160696125855822,21.965,0.1837797594948911
121,0.001,0.03160696125855822,21.967,0.17863650242881493
122,0.001,0.03160696125855822,21.968,0.17600000000000002
123,0.001,0.03160696125855822,21.969,0.17331762749357027
124,0.001,0.03160696125855822,21.969,0.17331762749357027
125,0.001,0.03160696125855822,21.97,0.17058722109231986
126,0.0,0.0,21.971,0.16780643611018023
127,0.0,0.0,21.971,0.16780643611018023
128,0.0,0.0,21.972,0.1649727250184102
129,0.0,0.0,21.973,0.1620833119108812
130,0.0,0.0,21.973,0.1620833119108812
131,0.0,0.0,21.973,0.1620833119108812
132,0.0,0.0,21.973,0.1620833119108812
133,0.0,0.0,21.973,0.1620833119108812
134,0.0,0.0,21.974,0.15913516267626085
135,0.0,0.0,21.974,0.15913516267626085
136,0.0,0.0,21.974,0.15913516267626085
137,0.0,0.0,21.975,0.15612494995995993
138,0.0,0.0,21.976,0.15304901175767194
139,0.0,0.0,21.977,0.14990330216509576
140,0.0,0.0,21.977,0.14990330216509576
141,0.0,0.0,21.978,0.14668333238647124
142,0.0,0.0,21.978,0.14668333238647124
143,0.0,0.0,21.982,0.132951118836962
144,0.0,0.0,21.982,0.132951118836962
145,0.0,0.0,21.983,0.12927103310486848
146,0.0,0.0,21.983,0.12927103310486848
147,0.0,0.0,21.983,0.12927103310486848
148,0.0,0.0,21.983,0.12927103310486848
149,0.0,0.0,21.984,0.125475097130865
150,0.0,0.0,21.984,0.125475097130865
151,0.0,0.0,21.984,0.125475097130865
152,0.0,0.0,21.984,0.125475097130865
153,0.0,0.0,21.986,0.11749042514179614
154,0.0,0.0,21.987,0.11327400407860581
155,0.0,0.0,21.987,0.11327400407860581
156,0.0,0.0,21.988,0.1088852607105296
157,0.0,0.0,21.988,0.1088852607105296
158,0.0,0.0,21.988,0.1088852607105296
159,0.0,0.0,21.988,0.1088852607105296
160,0.0,0.0,21.989,0.10430244484191156
161,0.0,0.0,21.989,0.10430244484191156
162,0.0,0.0,21.99,0.09949874371066197
163,0.0,0.0,21.991,0.09444045743218316
164,0.0,0.0,21.991,0.09444045743218316
165,0.0,0.0,21.991,0.09444045743218316
166,0.0,0.0,21.993,0.08337265738837882
167,0.0,0.0,21.993,0.08337265738837882
168,0.0,0.0,21.993,0.08337265738837882
169,0.0,0.0,21.994,0.07722693830523131
170,0.0,0.0,21.995,0.0705336798983294
171,0.0,0.0,21.995,0.0705336798983294
172,0.0,0.0,21.995,0.0705336798983294
173,0.0,0.0,21.995,0.0705336798983294
174,0.0,0.0,21.996,0.063118935352238
175,0.0,0.0,21.996,0.063118935352238
176,0.0,0.0,21.996,0.063118935352238
177,0.0,0.0,21.996,0.063118935352238
178,0.0,0.0,21.996,0.063118935352238
179,0.0,0.0,21.996,0.063118935352238
180,0.0,0.0,21.997,0.054690035655501276
181,0.0,0.0,21.997,0.054690035655501276
182,0.0,0.0,21.997,0.054690035655501276
183,0.0,0.0,21.997,0.054690035655501276
184,0.0,0.0,21.997,0.054690035655501276
185,0.0,0.0,21.997,0.054690035655501276
186,0.0,0.0,21.998,0.044676615807377355
187,0.0,0.0,21.998,0.044676615807377355
188,0.0,0.0,21.998,0.044676615807377355
189,0.0,0.0,21.998,0.044676615807377355
190,0.0,0.0,21.998,0.044676615807377355
191,0.0,0.0,21.998,0.044676615807377355
192,0.0,0.0,21.998,0.044676615807377355
193,0.0,0.0,21.998,0.044676615807377355
194,0.0,0.0,21.998,0.044676615807377355
195,0.0,0.0,21.998,0.044676615807377355
196,0.0,0.0,21.998,0.044676615807377355
197,0.0,0.0,21.998,0.044676615807377355
198,0.0,0.0,21.998,0.044676615807377355
199,0.0,0.0,21.998,0.044676615807377355
200,0.0,0.0,21.998,0.044676615807377355
201,0.0,0.0,21.998,0.044676615807377355
202,0.0,0.0,21.998,0.044676615807377355
203,0.0,0.0,21.998,0.044676615807377355
204,0.0,0.0,21.998,0.044676615807377355
205,0.0,0.0,21.998,0.044676615807377355
206,0.0,0.0,21.999,0.03160696125855822
207,0.0,0.0,21.999,0.03160696125855822
208,0.0,0.0,21.999,0.03160696125855822
209,0.0,0.0,21.999,0.03160696125855822
210,0.0,0.0,21.999,0.03160696125855822
211,0.0,0.0,21.999,0.03160696125855822
212,0.0,0.0,21.999,0.03160696125855822
213,0.0,0.0,22.0,0.0
214,0.0,0.0,22.0,0.0
215,0.0,0.0,22.0,0.0
216,0.0,0.0,22.0,0.0
217,0.0,0.0,22.0,0.0
218,0.0,0.0,22.0,0.0
219,0.0,0.0,22.0,0.0
220,0.0,0.0,22.0,0.0
221,0.0,0.0,22.0,0.0
222,0.0,0.0,22.0,0.0
223,0.0,0.0,22.0,0.0
224,0.0,0.0,22.0,0.0
225,0.0,0.0,22.0,0.0
226,0.0,0.0,22.0,0.0
227,0.0,0.0,22.0,0.0
228,0.0,0.0,22.0,0.0
229,0.0,0.0,22.0,0.0
230,0.0,0.0,22.0,0.0
231,0.0,0.0,22.0,0.0
232,0.0,0.0,22.0,0.0
233,0.0,0.0,22.0,0.0
234,0.0,0.0,22.0,0.0
235,0.0,0.0,22.0,0.0
236,0.0,0.0,22.0,0.0
237,0.0,0.0,22.0,0.0
238,0.0,0.0,22.0,0.0
239,0.0,0.0,22.0,0.0
240,0.0,0.0,22.0,0.0
241,0.0,0.0,22.0,0.0
242,0.0,0.0,22.0,0.0
243,0.0,0.0,22.0,0.0
244,0.0,0.0,22.0,0.0
245,0.0,0.0,22.0,0.0
246,0.0,0.0,22.0,0.0
247,0.0,0.0,22.0,0.0
248,0.0,0.0,22.0,0.0
249,0.0,0.0,22.0,0.0
250,0.0,0.0,22.0,0.0
251,0.0,0.0,22.0,0.0
252,0.0,0.0,22.0,0.0
253,0.0,0.0,22.0,0.0
254,0.0,0.0,22.0,0.0
255,0.0,0.0,22.0,0.0
256,0.0,0.0,22.0,0.0
257,0.0,0.0,22.0,0.0
258,0.0,0.0,22.0,0.0
259,0.0,0.0,22.0,0.0
260,0.0,0.0,22.0,0.0
261,0.0,0.0,22.0,0.0
262,0.0,0.0,22.0,0.0
263,0.0,0.0,22.0,0.0
264,0.0,0.0,22.0,0.0
265,0.0,0.0,22.0,0.0
266,0.0,0.0,22.0,0.0
267,0.0,0.0,22.0,0.0
268,0.0,0.0,22.0,0.0
269,0.0,0.0,22.0,0.0
270,0.0,0.0,22.0,0.0
271,0.0,0.0,22.0,0.0
272,0.0,0.0,22.0,0.0
273,0.0,0.0,22.0,0.0
274,0.0,0.0,22.0,0.0
275,0.0,0.0,22.0,0.0
276,0.0,0.0,22.0,0.0
277,0.0,0.0,22.0,0.0
278,0.0,0.0,22.0,0.0
279,0.0,0.0,22.0,0.0
280,0.0,0.0,22.0,0.0
281,0.0,0.0,22.0,0.0
282,0.0,0.0,22.0,0.0
283,0.0,0.0,22.0,0.0
284,0.0,0.0,22.0,0.0
285,0.0,0.0,22.0,0.0
286,0.0,0.0,22.0,0.0
287,0.0,0.0,22.0,0.0
288,0.0,0.0,22.0,0.0
289,0.0,0.0,22.0,0.0
290,0.0,0.0,22.0,0.0
291,0.0,0.0,22.0,0.0
292,0.0,0.0,22.0,0.0
293,0.0,0.0,22.0,0.0
294,0.0,0.0,22.0,0.0
295,0.0,0.0,22.0,0.0
296,0.0,0.0,22.0,0.0
297,0.0,0.0,22.0,0.0
298,0.0,0.0,22.0,0.0
299,0.0,0.0,22.0,0.0
300,0.0,0.0,22.0,0.0
301,0.0,0.0,22.0,0.0
302,0.0,0.0,22.0,0.0
303,0.0,0.0,22.0,0.0
304,0.0,0.0,22.0,0.0
305,0.0,0.0,22.0,0.0
306,0.0,0.0,22.0,0.0
307,0.0,0.0,22.0,0.0
308,0.0,0.0,22.0,0.0
309,0.0,0.0,22.0,0.0
310,0.0,0.0,22.0,0.0
311,0.0,0.0,22.0,0.0
312,0.0,0.0,22.0,0.0
313,0.0,0.0,22.0,0.0
314,0.0,0.0,22.0,0.0
315,0.0,0.0,22.0,0.0
316,0.0,0.0,22.0,0.0
317,0.0,0.0,22.0,0.0
318,0.0,0.0,22.0,0.0
319,0.0,0.0,22.0,0.0
320,0.0,0.0,22.0,0.0
321,0.0,0.0,22.0,0.0
322,0.0,0.0,22.0,0.0
323,0.0,0.0,22.0,0.0
324,0.0,0.0,22.0,0.0
325,0.0,0.0,22.0,0.0
326,0.0,0.0,22.0,0.0
327,0.0,0.0,22.0,0.0
328,0.0,0.0,22.0,0.0
329,0.0,0.0,22.0,0.0
