,Core genome (mean),Core genome (std),Pan genome (mean),Pan genome (std)
0,21.877,1.2829150400552642,21.877,1.2829150400552642
1,20.1,1.0871982339941506,23.731,1.2069130043213556
2,19.328,0.8913001739032702,24.677,1.127240435754502
3,18.914,0.790318922967178,25.299,0.9997994798958438
4,18.66,0.7709734106958553,25.663,0.9074309891115687
5,18.515,0.7319665292894205,25.935,0.8371230494975036
6,18.389,0.7111111024305555,26.119,0.8042630166804886
7,18.299,0.7208321579951882,26.255,0.7523130997131448
8,18.233,0.7447892319307525,26.372,0.7263718056202348
9,18.159,0.7640150522077429,26.471,0.7191376780561564
10,18.095,0.7667952790673661,26.54,0.6974238309665077
11,18.049,0.7788446571685524,26.618,0.697191508841007
12,17.995,0.7892876535205654,26.674,0.6926211085434807
13,17.935,0.7942134473804884,26.732,0.6856938092180794
14,17.884,0.8115072396473122,26.781,0.6804696907283968
15,17.836,0.8349275417663501,26.834,0.6785602405092712
16,17.793,0.8438903957268385,26.874,0.6724016656731302
17,17.742,0.8575756526394626,26.917,0.6797874667864949
18,17.698,0.8560350460115519,26.957,0.6878597240717035
19,17.647,0.8731500443795442,26.993,0.6804050264364602
20,17.594,0.8883490305054653,27.013,0.6890798212108666
21,17.552,0.9029374286183953,27.045,0.6877317791115951
22,17.515,0.9142073069058243,27.074,0.6874038114529187
23,17.479,0.9195428211888775,27.105,0.6913573605596457
24,17.435,0.9293949644795801,27.134,0.6928520765646877
25,17.394,0.9342183898853629,27.161,0.6921553293878476
26,17.351,0.9401058451046882,27.187,0.6899499981882744
27,17.317,0.9563006849312615,27.214,0.6915229569580462
28,17.289,0.9630571114944327,27.239,0.6912879284350335
29,17.259,0.9766877699654071,27.257,0.6891668883514356
30,17.232,0.9859898579600096,27.287,0.6860255097297767
31,17.196,0.9877165585328616,27.302,0.6905041636369761
32,17.169,0.995208018456443,27.324,0.6949992805751671
33,17.137,1.007090363373615,27.349,0.6994276231319435
34,17.107,1.013681902768319,27.364,0.6996456245843319
35,17.071,1.0266250532692058,27.379,0.7023951879106233
36,17.035,1.0342992797058306,27.396,0.7022706031153518
37,17.006,1.0382504514807591,27.408,0.6982377818479891
38,16.966,1.0549142145217307,27.426,0.6989449191459939
39,16.938,1.0593186489437445,27.44,0.6959885056522127
40,16.908,1.0637368095539423,27.453,0.6969870873983247
41,16.883,1.0655097371680842,27.467,0.6949179807718319
42,16.858,1.0760278806796784,27.484,0.6983867123592774
43,16.827,1.0803106034840164,27.505,0.6942441933498616
44,16.797,1.0926074317887464,27.519,0.6954415863320225
45,16.774,1.1013282889311433,27.536,0.6947690263677562
46,16.747,1.1148950623264953,27.555,0.6978359406049534
47,16.72,1.1364858116140297,27.569,0.6994562173574556
48,16.686,1.13375658763246,27.585,0.6962578545337925
49,16.652,1.145816739273781,27.599,0.6958440917331985
50,16.627,1.1592545018243405,27.615,0.6962578545337926
51,16.601,1.1643878219905943,27.622,0.6993682863842199
52,16.565,1.1831208729457867,27.633,0.7002221076201465
53,16.536,1.1860455303233512,27.646,0.6990593680081829
54,16.5,1.1933147112141038,27.657,0.695234492815194
55,16.477,1.2031088895025255,27.672,0.6945617323175816
56,16.446,1.216997945766549,27.687,0.6964416702064861
57,16.425,1.2191697994947217,27.699,0.695987787249173
58,16.404,1.2307656153793052,27.711,0.699627758168585
59,16.386,1.2413718218164935,27.726,0.7035083510520682
60,16.352,1.2466338676612312,27.741,0.7013693748660544
61,16.33,1.254232833249074,27.75,0.7024955515873392
62,16.299,1.2631702181416407,27.764,0.701643784266632
63,16.273,1.2800277340745394,27.775,0.6974059076319902
64,16.252,1.2878260752135748,27.782,0.6974783150750997
65,16.229,1.288626788484548,27.795,0.7006960824779883
66,16.203,1.294523464445508,27.805,0.7049645381152161
67,16.176,1.30116255710038,27.816,0.7057931708368961
68,16.144,1.3081528962625126,27.826,0.708324784262135
69,16.109,1.313437855400856,27.834,0.707420666930222
70,16.076,1.3199333316497468,27.843,0.7101767385658305
71,16.055,1.319839005333605,27.858,0.7084038396282165
72,16.033,1.324353049605731,27.871,0.7101823709442524
73,16.002,1.3319144116646535,27.883,0.712257678091293
74,15.977,1.3403249605972427,27.899,0.7133014790395433
75,15.95,1.3436889521016389,27.91,0.714072825417688
76,15.934,1.3429981384946146,27.92,0.7124605252222749
77,15.91,1.3505184189784305,27.93,0.7135124385741288
78,15.891,1.3502292397959688,27.939,0.7150377612406215
79,15.869,1.3460456901606277,27.946,0.7120983078199246
80,15.837,1.3551498072168997,27.954,0.7126598066398863
81,15.816,1.3638709616382336,27.962,0.7089118421919611
82,15.796,1.370541498824461,27.972,0.7093771916265704
83,15.772,1.3798608625510038,27.986,0.7111989876258261
84,15.749,1.3849184091490734,27.994,0.7099042188915345
85,15.72,1.3934130758680285,28.002,0.7099267567855151
86,15.691,1.391229312514655,28.009,0.7077563139951489
87,15.665,1.393117008725398,28.018,0.7068776414627923
88,15.64,1.4079772725438433,28.028,0.7065521919858433
89,15.612,1.4161412358942167,28.035,0.7069476642581117
90,15.587,1.4263348134291611,28.046,0.7070247520419635
91,15.566,1.425357499015598,28.052,0.7080225985093977
92,15.53,1.4237626206639926,28.061,0.7094215953859876
93,15.51,1.4198239327465927,28.071,0.7042435658208033
94,15.486,1.4282170703362986,28.083,0.7057697924961085
95,15.469,1.4349351901741068,28.087,0.7038685956909856
96,15.433,1.4337053393218564,28.098,0.704553759481844
97,15.409,1.4386517994288957,28.108,0.7073443291636683
98,15.382,1.4394707360693375,28.115,0.7069476642581118
99,15.362,1.4439376717850392,28.121,0.7045275012375314
100,15.34,1.453409783921933,28.129,0.7045275012375314
101,15.317,1.4623648655516859,28.137,0.703015647052041
102,15.294,1.472264921812647,28.148,0.7043408265889461
103,15.272,1.4764877242970902,28.157,0.7045218236506233
104,15.248,1.476650263264799,28.161,0.7036185045889569
105,15.225,1.4799915540299546,28.168,0.699839981710105
106,15.192,1.4890050369290229,28.175,0.6974059076319902
107,15.165,1.4959194497030917,28.177,0.6969009972729268
108,15.143,1.4928332123850943,28.184,0.6972402742240296
109,15.127,1.4976217813586978,28.189,0.698053722860927
110,15.101,1.5148593994163286,28.196,0.6982721532468555
111,15.073,1.5177848991210845,28.203,0.6969870873983247
112,15.055,1.5257702972597154,28.212,0.6950223018004531
113,15.036,1.521415130725339,28.22,0.6968500556073737
114,15.015,1.5240652873154747,28.226,0.6949273343307197
115,14.997,1.5254478031056977,28.228,0.695712584333502
116,14.975,1.5363511968296832,28.23,0.6950539547402058
117,14.956,1.5375512999571754,28.236,0.6944811012547426
118,14.932,1.5418741842316448,28.242,0.6938558928192511
119,14.913,1.5554520243324765,28.246,0.6938904812720809
120,14.893,1.556775834858699,28.253,0.6891959082873317
121,14.872,1.567040522768955,28.26,0.6843975452907468
122,14.85,1.5701910711757343,28.268,0.6842338781440159
123,14.829,1.5728188071103422,28.272,0.6855771291401137
124,14.803,1.5793007946556605,28.277,0.6857630786211809
125,14.776,1.5855043361656254,28.285,0.6839407869106798
126,14.759,1.588369919130931,28.292,0.6846429726507094
127,14.736,1.5906929307694808,28.302,0.6846867897075274
128,14.712,1.5972025544682802,28.306,0.6829084858163648
129,14.686,1.6010633966211332,28.314,0.6822052477077554
130,14.658,1.6078047145098189,28.321,0.6796756579428163
131,14.64,1.614434885648845,28.331,0.6792930148323328
132,14.623,1.6164377501159766,28.334,0.6785602405092712
133,14.601,1.616106122753082,28.342,0.6760443772416128
134,14.573,1.626859244065079,28.346,0.6725206316537806
135,14.558,1.6378754531404394,28.352,0.6708919436094013
136,14.528,1.6544533840516633,28.356,0.6702715867467455
137,14.513,1.6558475171343527,28.359,0.6694169104526716
138,14.493,1.661310025251157,28.36,0.6696267617113283
139,14.471,1.6604695119152293,28.366,0.6663662656527564
140,14.449,1.659336915758822,28.373,0.6647337812989498
141,14.432,1.6569176201610025,28.379,0.6628416100396836
142,14.405,1.6718178728557724,28.386,0.658030394434786
143,14.382,1.6655557631013138,28.39,0.6571909920259102
144,14.358,1.664282427955063,28.395,0.6564868620162935
145,14.342,1.666444118475024,28.399,0.6571141453354964
146,14.318,1.6717882641052366,28.41,0.6510760324263211
147,14.294,1.6815362024054075,28.412,0.649812280585709
148,14.264,1.6805665711301057,28.414,0.650079995077529
149,14.239,1.6768658264750942,28.416,0.6503414487790242
150,14.227,1.676744166532271,28.42,0.6477653896280658
151,14.207,1.6775431440055424,28.426,0.6453867057818901
152,14.187,1.6816750577920812,28.432,0.6429432323308177
153,14.165,1.6833820124974608,28.436,0.6386736255709954
154,14.137,1.6876702877043253,28.44,0.6343500610861482
155,14.117,1.6891746505320282,28.444,0.6347156843815978
156,14.102,1.6969372410316181,28.448,0.6350559030510621
157,14.086,1.7001776377778883,28.454,0.632363819331878
158,14.067,1.6983848209401777,28.457,0.6294052748428473
159,14.038,1.704275799276631,28.461,0.6280756323883295
160,14.016,1.7069692440111508,28.468,0.6236794048227022
161,13.992,1.7093671343511903,28.469,0.6221245855935931
162,13.974,1.7132787280533193,28.474,0.6191316499743815
163,13.957,1.7254422621461432,28.478,0.6160486993736778
164,13.93,1.7260069524773067,28.483,0.6145819717499043
165,13.908,1.7301838052646314,28.485,0.6130048939445754
166,13.889,1.7334009922692442,28.491,0.6114891658893066
167,13.868,1.73221707646588,28.496,0.6082631009686517
168,13.839,1.729473619342024,28.503,0.6033166664364578
169,13.817,1.7405490513053634,28.508,0.5999466642960857
170,13.806,1.74366395845071,28.514,0.5998366444291312
171,13.781,1.7535789118257552,28.518,0.5980601976390002
172,13.764,1.7545096180984587,28.526,0.59776584044256
173,13.742,1.751409717912973,28.526,0.59776584044256
174,13.718,1.76251978712297,28.531,0.5975274052292497
175,13.695,1.7663450965199297,28.535,0.5956299186575502
176,13.675,1.7706990145137596,28.541,0.5935646552819667
177,13.662,1.7741916469198022,28.544,0.5916620657098104
178,13.639,1.7806400534639226,28.546,0.591509932291927
179,13.62,1.7859451279364662,28.549,0.5912689743255601
180,13.598,1.7794369896121638,28.552,0.5910126902190849
181,13.579,1.7792579914110265,28.558,0.5853511766452684
182,13.56,1.779438113562818,28.56,0.5851495535331117
183,13.54,1.7783138080777536,28.565,0.582902221646135
184,13.514,1.7915925876158338,28.566,0.5827898420528621
185,13.494,1.801100774526512,28.57,0.5788782255362521
186,13.471,1.8080815800178929,28.574,0.5766489399972915
187,13.443,1.8013192387802892,28.575,0.5765197307985217
188,13.425,1.791751935955421,28.579,0.5742464627666417
189,13.403,1.7867823034718024,28.583,0.5684285355257951
190,13.386,1.7930432231265367,28.585,0.5681329069856805
191,13.377,1.7918903426270258,28.587,0.5678300802176652
192,13.349,1.7947699016865641,28.589,0.5675200436988987
193,13.328,1.7978920990982747,28.591,0.5654369991431406
194,13.312,1.798514942945985,28.593,0.5651114934240853
195,13.289,1.8070636402739113,28.598,0.5642658947694783
196,13.267,1.799364054325861,28.599,0.5640913046661861
197,13.244,1.7984615647825228,28.603,0.5633746533169558
198,13.222,1.8079590703331754,28.609,0.5568832911840685
199,13.203,1.806042912004031,28.614,0.5540794166904235
200,13.189,1.8009106030006043,28.617,0.5534537017673656
201,13.176,1.8052767100918352,28.617,0.5534537017673656
202,13.162,1.8082466645897621,28.619,0.5530271241087547
203,13.149,1.811849607445386,28.625,0.5498863518946437
204,13.129,1.8166890212691877,28.629,0.5471370943374246
205,13.111,1.8228217137174991,28.635,0.5456876395888036
206,13.092,1.8274397390885424,28.64,0.5425863986500215
207,13.082,1.8317412481024715,28.641,0.5423273918953384
208,13.067,1.8364397621484894,28.646,0.5372932160375747
209,13.053,1.8319909934276424,28.65,0.5324471804789654
210,13.039,1.8383359323039956,28.657,0.5285366590880901
211,13.015,1.83977580155844,28.663,0.5229063013580924
212,12.996,1.8346618216990291,28.666,0.5219616844175442
213,12.974,1.8366611010200002,28.67,0.5187484939737174
214,12.957,1.8393343904793387,28.672,0.5180887954781496
215,12.941,1.8405213935186953,28.675,0.5170831654579368
216,12.916,1.8457908873975946,28.676,0.5167436501786935
217,12.903,1.8405409530896075,28.68,0.5153639490690051
218,12.89,1.8379064176393747,28.685,0.5116395215383581
219,12.874,1.8368788746131302,28.688,0.5105448070443964
220,12.856,1.8355555017487213,28.692,0.5070857915579966
221,12.836,1.8333313939383682,28.697,0.5031808819897672
222,12.818,1.8343598338384974,28.699,0.5023932722479472
223,12.805,1.8300204916885492,28.703,0.5007903753068743
224,12.782,1.8364302328158293,28.705,0.49797088268291345
225,12.762,1.8383024778311103,28.71,0.4958830507286974
226,12.746,1.8410551322543278,28.711,0.4934359127586886
227,12.73,1.8431223507949763,28.713,0.49257588247903494
228,12.714,1.8412506619143414,28.716,0.4912677477710093
229,12.7,1.8433664855367204,28.719,0.48789240617168866
230,12.679,1.8449821137344393,28.72,0.48744230427815766
231,12.661,1.8466399215873135,28.723,0.4840154956197167
232,12.643,1.8432446934685582,28.728,0.4816803919613088
233,12.628,1.8481385229468057,28.729,0.48120577718892776
234,12.602,1.8437993383229097,28.731,0.4802488938040357
235,12.581,1.8459249713896826,28.734,0.47670116425282627
236,12.563,1.8498732389004389,28.737,0.4709893841691127
237,12.549,1.8524575568687127,28.74,0.4673328578219169
238,12.537,1.847330777094346,28.741,0.46681795166852785
239,12.516,1.8427544600407293,28.746,0.4642025420007952
240,12.502,1.8439078068059693,28.749,0.4626002594032995
241,12.491,1.8449712734891024,28.754,0.45769422106904517
242,12.476,1.8518704058329785,28.76,0.45431266766402184
243,12.462,1.8570288096849765,28.761,0.45373891171024777
244,12.441,1.8602470266069504,28.763,0.45258258914810234
245,12.426,1.8629342446796129,28.765,0.4514144437210666
246,12.409,1.8611069286851845,28.767,0.4480078124318816
247,12.393,1.8672308373631792,28.768,0.4474103262107391
248,12.382,1.8713834454755658,28.772,0.4427369422128676
249,12.365,1.8739730521008033,28.779,0.4383594415545307
250,12.35,1.8765660126944643,28.781,0.4347861543333688
251,12.333,1.8815182699086395,28.785,0.43217473318092064
252,12.323,1.8811355613033314,28.786,0.43151361508068314
253,12.301,1.891136959609219,28.786,0.43151361508068314
254,12.289,1.8988098904313722,28.788,0.430181357104187
255,12.264,1.8932258185435777,28.788,0.430181357104187
256,12.245,1.8918179087850924,28.79,0.42883563284783127
257,12.226,1.8949733507360993,28.793,0.4267915181912594
258,12.212,1.8923678289381272,28.795,0.42541156542811576
259,12.193,1.8951915470474219,28.799,0.42023683798543887
260,12.164,1.8923805114194132,28.803,0.41736195322525504
261,12.147,1.8919278527470331,28.804,0.4166341320631329
262,12.133,1.8897912583139969,28.807,0.4144285221844655
263,12.106,1.894403336145711,28.81,0.412189276910499
264,12.098,1.8964166208932045,28.812,0.4106774890348873
265,12.084,1.8933948346818736,28.813,0.4099158450218776
266,12.069,1.8900367721290505,28.817,0.4068304315067889
267,12.055,1.8857293018882644,28.818,0.4060492580956158
268,12.049,1.8843033195321819,28.818,0.4060492580956158
269,12.031,1.8830929345096061,28.819,0.40526411141377916
270,12.021,1.8784459002058058,28.821,0.4011969591111079
271,12.007,1.8806783350695568,28.826,0.39714480986159195
272,11.986,1.8750477327257566,28.828,0.3954946270178648
273,11.969,1.8788398015796877,28.829,0.39466314750683273
274,11.946,1.8865534712803664,28.831,0.39298727714774684
275,11.931,1.8889782952696943,28.832,0.38958439393795036
276,11.914,1.8848352713168333,28.834,0.38787111261345564
277,11.896,1.8818033903678673,28.836,0.3861398710312107
278,11.877,1.8787950926058967,28.837,0.38526743957931353
279,11.853,1.8744041719970643,28.838,0.38439042651970406
280,11.841,1.8803507651499494,28.838,0.38439042651970406
281,11.825,1.8868955985957463,28.839,0.3835088004205379
282,11.803,1.8804762694594155,28.843,0.37993552084531396
283,11.791,1.8834327702363043,28.844,0.3790303417933715
284,11.775,1.885305015110287,28.847,0.373618789677393
285,11.765,1.883022835761691,28.848,0.37268753668455296
286,11.751,1.8881204940363312,28.849,0.3717512609259046
287,11.734,1.8844744625491747,28.851,0.36986348833049204
288,11.712,1.8876058910694253,28.853,0.367955160311688
289,11.699,1.8943069972947892,28.853,0.367955160311688
290,11.681,1.891887681655547,28.854,0.36699318794767843
291,11.662,1.897829286316343,28.855,0.3660259553638238
292,11.645,1.8992037805354114,28.856,0.36505342074825153
293,11.626,1.8937064186404395,28.857,0.36407554161190225
294,11.614,1.899737876655619,28.858,0.36309227477323175
295,11.597,1.8964680329496726,28.861,0.3601097055065303
296,11.583,1.9002923459299625,28.863,0.35809356319263824
297,11.561,1.895330841832106,28.865,0.35605477106759853
298,11.53,1.898710088454791,28.865,0.35605477106759853
299,11.513,1.902059673091252,28.87,0.34799425282610624
300,11.499,1.898946813367873,28.873,0.3447767393546148
301,11.484,1.9004588919521517,28.873,0.3447767393546148
302,11.468,1.899204043803614,28.873,0.3447767393546148
303,11.452,1.9030754057577435,28.873,0.3447767393546148
304,11.432,1.902991329460016,28.875,0.34260035026251795
305,11.416,1.904453727450473,28.876,0.34150256221586395
306,11.395,1.9055117422886692,28.877,0.34039829611794475
307,11.378,1.906073450840759,28.878,0.33928748871716446
308,11.362,1.9081289264617316,28.878,0.33928748871716446
309,11.348,1.9033906587981353,28.88,0.3370459909270543
310,11.331,1.8956368323072856,28.882,0.33477753807566
311,11.317,1.8948643750939012,28.882,0.33477753807566
312,11.306,1.901148074190961,28.883,0.33363303193778643
313,11.297,1.903888389585902,28.883,0.33363303193778643
314,11.276,1.9083563608508762,28.883,0.33363303193778643
315,11.249,1.9097117583551713,28.884,0.33248157843706166
316,11.227,1.9228809115491268,28.885,0.33132310514058627
317,11.214,1.9215108638776937,28.885,0.33132310514058627
318,11.196,1.9171812642522876,28.888,0.3278048199767661
319,11.184,1.9147177337665204,28.888,0.3278048199767661
320,11.169,1.9168826255146663,28.888,0.3278048199767661
321,11.155,1.9165007174535573,28.892,0.3230108357315587
322,11.141,1.9222692319235617,28.894,0.32056824546420687
323,11.13,1.9186192952224785,28.896,0.31809432563313667
324,11.12,1.9203124745728233,28.897,0.31684538816274416
325,11.101,1.9206246379758851,28.897,0.31684538816274416
326,11.079,1.9091251923328656,28.899,0.31432308219410166
327,11.06,1.9053608582103287,28.9,0.31304951684997057
328,11.045,1.9018346405510655,28.9,0.31304951684997057
329,11.034,1.9054773680104418,28.902,0.3072393204002379
330,11.024,1.911393209153993,28.902,0.3072393204002379
331,11.013,1.910191351671345,28.906,0.2952354992205375
332,10.998,1.9152012949034887,28.907,0.2938554066203309
333,10.973,1.9152730875778525,28.907,0.2938554066203309
334,10.956,1.9183492904056862,28.908,0.2924653825668946
335,10.94,1.9158288023724874,28.908,0.2924653825668946
336,10.924,1.918390992472598,28.911,0.28823427971009974
337,10.911,1.9186138225291718,28.916,0.28096974926137513
338,10.888,1.9166262024714156,28.916,0.28096974926137513
339,10.881,1.9190724321921777,28.919,0.2764760387447708
340,10.86,1.9147845831842283,28.92,0.27495454169735045
341,10.85,1.9108898450721852,28.922,0.27187497126436627
342,10.838,1.909386288837332,28.922,0.27187497126436627
343,10.826,1.9151302827745167,28.923,0.27031648118455526
344,10.816,1.9110583455248036,28.926,0.2655635517159688
345,10.802,1.9101821902635359,28.927,0.26395264726840684
346,10.792,1.9064983608700008,28.93,0.25903667693977234
347,10.783,1.9089030881634617,28.93,0.25903667693977234
348,10.766,1.9071559978145467,28.93,0.25903667693977234
349,10.755,1.9060364634497422,28.93,0.25903667693977234
350,10.737,1.905211536811595,28.931,0.2573693843486439
351,10.726,1.9075963933704634,28.932,0.2556873090319502
352,10.713,1.9090916688310178,28.934,0.2522776248500846
353,10.7,1.902104098097683,28.934,0.2522776248500846
354,10.682,1.8954883275821037,28.935,0.25054939632735096
355,10.658,1.8891892440938785,28.936,0.2488051446413438
356,10.645,1.8865245824001338,28.937,0.24704453039887364
357,10.632,1.8911837562754181,28.938,0.24526720123163637
358,10.621,1.886626354104066,28.939,0.24347279108762854
359,10.606,1.8880582618129136,28.94,0.24166091947189142
360,10.595,1.886524582400134,28.94,0.24166091947189142
361,10.579,1.8840804122966726,28.94,0.24166091947189142
362,10.562,1.8820616355475714,28.94,0.24166091947189142
363,10.55,1.8818873505074634,28.94,0.24166091947189142
364,10.536,1.8832694974432098,28.942,0.2379831926838532
365,10.523,1.8898335905576447,28.942,0.2379831926838532
366,10.51,1.8894178997776008,28.942,0.2379831926838532
367,10.494,1.8814792053062932,28.942,0.2379831926838532
368,10.484,1.8899058177591812,28.942,0.2379831926838532
369,10.469,1.8881310865509313,28.943,0.23611649667060536
370,10.454,1.8841135846864434,28.943,0.23611649667060536
371,10.428,1.8848915088142342,28.945,0.2323252031097789
372,10.42,1.8829763673503712,28.946,0.23039965277751615
373,10.405,1.8780242277457446,28.949,0.22449721601837294
374,10.384,1.8763112748155621,28.95,0.22248595461286988
375,10.376,1.8741995624799404,28.95,0.22248595461286988
376,10.362,1.877486617795184,28.95,0.22248595461286988
377,10.342,1.8743094728459333,28.951,0.22045180879276088
378,10.333,1.8719270819131817,28.951,0.22045180879276088
379,10.317,1.8720339206328502,28.953,0.2163122742703243
380,10.305,1.8734927275012303,28.954,0.21420550879937705
381,10.292,1.8720940147332346,28.954,0.21420550879937705
382,10.277,1.8719698181327602,28.954,0.21420550879937705
383,10.252,1.8736317674505842,28.955,0.20730412441627882
384,10.24,1.8752066552782922,28.955,0.20730412441627882
385,10.216,1.8754583439788792,28.957,0.2028570925553258
386,10.203,1.8766435463347857,28.957,0.2028570925553258
387,10.189,1.8770399569535008,28.958,0.2005891323078097
388,10.178,1.8778487692037398,28.958,0.2005891323078097
389,10.163,1.8816033056943753,28.958,0.2005891323078097
390,10.151,1.8852583377351764,28.958,0.2005891323078097
391,10.137,1.8815501587786598,28.959,0.19829019138626097
392,10.128,1.8819181703782981,28.96,0.19595917942265423
393,10.121,1.8789249585866912,28.961,0.19359493795035035
394,10.111,1.8800742006633675,28.961,0.19359493795035035
395,10.097,1.8819115282074235,28.962,0.19119623427254
396,10.089,1.8801805764340829,28.962,0.19119623427254
397,10.067,1.8805613523626397,28.963,0.1887617546008725
398,10.055,1.8724248983604124,28.963,0.1887617546008725
399,10.043,1.8727389033178117,28.963,0.1887617546008725
400,10.029,1.8735418329997333,28.963,0.1887617546008725
401,10.013,1.8737211638875193,28.964,0.18629009635512025
402,10.002,1.8740320168022742,28.964,0.18629009635512025
403,9.989,1.8764005435940376,28.964,0.18629009635512025
404,9.971,1.8788717359096125,28.966,0.18122913673027302
405,9.956,1.8777816699499439,28.967,0.17863650242881496
406,9.94,1.882657695918193,28.967,0.17863650242881496
407,9.934,1.8782023320185715,28.967,0.17863650242881496
408,9.924,1.8799531909066245,28.968,0.17600000000000002
409,9.911,1.8780519162153106,28.968,0.17600000000000002
410,9.905,1.8745599483612148,28.969,0.17331762749357027
411,9.897,1.8768033994001612,28.97,0.17058722109231986
412,9.884,1.8752450506533804,28.97,0.17058722109231986
413,9.865,1.8763728307561904,28.971,0.16780643611018023
414,9.855,1.8820135493667416,28.971,0.16780643611018023
415,9.838,1.8798287156015039,28.971,0.16780643611018023
416,9.823,1.8856486947467177,28.972,0.1649727250184102
417,9.812,1.8779392961435148,28.972,0.1649727250184102
418,9.792,1.8790252792338904,28.972,0.1649727250184102
419,9.78,1.8866902236456307,28.973,0.16208331191088118
420,9.77,1.8817810712194978,28.973,0.16208331191088118
421,9.748,1.873097968607088,28.974,0.15913516267626082
422,9.735,1.8678262767184748,28.974,0.15913516267626082
423,9.724,1.8643561891441238,28.974,0.15913516267626082
424,9.715,1.8707685586410738,28.975,0.1561249499599599
425,9.703,1.868901013965159,28.975,0.1561249499599599
426,9.686,1.8685299034267555,28.975,0.1561249499599599
427,9.674,1.8702203078781923,28.975,0.1561249499599599
428,9.657,1.8706552327994594,28.976,0.15304901175767194
429,9.645,1.8673443710253337,28.976,0.15304901175767194
430,9.639,1.869406055409044,28.976,0.15304901175767194
431,9.626,1.8697925018568238,28.977,0.14990330216509576
432,9.607,1.8629414912981028,28.977,0.14990330216509576
433,9.594,1.860957817899159,28.977,0.14990330216509576
434,9.581,1.854033171224291,28.978,0.14668333238647122
435,9.574,1.8575586128033754,28.979,0.14338409953687334
436,9.561,1.8623316031255013,28.979,0.14338409953687334
437,9.546,1.8649085768476694,28.98,0.13999999999999999
438,9.523,1.8647978442715982,28.981,0.13652472303579302
439,9.51,1.8627667594199764,28.982,0.132951118836962
440,9.494,1.8676091668226518,28.983,0.12927103310486848
441,9.481,1.8691278714951527,28.983,0.12927103310486848
442,9.47,1.8652345696989427,28.983,0.12927103310486848
443,9.458,1.8740960487659108,28.983,0.12927103310486848
444,9.441,1.861321842132628,28.983,0.12927103310486848
445,9.429,1.8592899182214697,28.984,0.12547509713086497
446,9.417,1.8630917851786046,28.984,0.12547509713086497
447,9.407,1.8610080601652428,28.984,0.12547509713086497
448,9.396,1.8609631914683318,28.984,0.12547509713086497
449,9.387,1.8593630629868927,28.984,0.12547509713086497
450,9.379,1.8567064926907537,28.984,0.12547509713086497
451,9.366,1.85796770693142,28.984,0.12547509713086497
452,9.351,1.8605910351283539,28.984,0.12547509713086497
453,9.34,1.854831528737853,28.984,0.12547509713086497
454,9.323,1.8527468796357478,28.984,0.12547509713086497
455,9.309,1.8567495792378683,28.984,0.12547509713086497
456,9.302,1.8543990940463704,28.984,0.12547509713086497
457,9.296,1.8542880035204885,28.984,0.12547509713086497
458,9.289,1.8545832415936472,28.984,0.12547509713086497
459,9.275,1.8523970956574078,28.984,0.12547509713086497
460,9.265,1.8522351362610525,28.984,0.12547509713086497
461,9.246,1.8562014976828352,28.984,0.12547509713086497
462,9.231,1.857858713680887,28.984,0.12547509713086497
463,9.22,1.8610749581894868,28.985,0.12155245781143219
464,9.209,1.8577725910347584,28.985,0.12155245781143219
465,9.189,1.8588380779400877,28.985,0.12155245781143219
466,9.175,1.8553638457186776,28.985,0.12155245781143219
467,9.163,1.8569951534670197,28.985,0.12155245781143219
468,9.148,1.8612082097390392,28.985,0.12155245781143219
469,9.134,1.8676305844572154,28.985,0.12155245781143219
470,9.122,1.8705924195291717,28.986,0.11749042514179613
471,9.112,1.8680085652908553,28.986,0.11749042514179613
472,9.102,1.870186086997762,28.986,0.11749042514179613
473,9.084,1.8662647186291657,28.986,0.11749042514179613
474,9.067,1.8672201262839903,28.987,0.11327400407860581
475,9.055,1.8718907553594042,28.988,0.10888526071052962
476,9.037,1.866984466994838,28.989,0.10430244484191156
477,9.023,1.8693504219380592,28.99,0.09949874371066197
478,9.01,1.8708019670718758,28.99,0.09949874371066197
479,8.998,1.8740320168022742,28.99,0.09949874371066197
480,8.987,1.874788254710382,28.99,0.09949874371066197
481,8.979,1.8715124899396212,28.99,0.09949874371066197
482,8.967,1.86973554279743,28.991,0.09444045743218316
483,8.959,1.8679718948635173,28.991,0.09444045743218316
484,8.943,1.8686227548651972,28.991,0.09444045743218316
485,8.933,1.865076674027103,28.991,0.09444045743218316
486,8.923,1.8614701179444166,28.991,0.09444045743218316
487,8.906,1.8652517256391963,28.991,0.09444045743218316
488,8.894,1.8619248105119606,28.991,0.09444045743218316
489,8.886,1.8668165416023077,28.991,0.09444045743218316
490,8.874,1.8681873567712635,28.991,0.09444045743218316
491,8.863,1.868215993936461,28.991,0.09444045743218316
492,8.851,1.8640812750521367,28.991,0.09444045743218316
493,8.835,1.8648793526660112,28.992,0.08908422980528033
494,8.815,1.8576261733728885,28.992,0.08908422980528033
495,8.801,1.857255771292689,28.993,0.08337265738837882
496,8.791,1.8556182258212488,28.993,0.08337265738837882
497,8.778,1.8532986807311982,28.993,0.08337265738837882
498,8.766,1.852361735730902,28.993,0.08337265738837882
499,8.757,1.8509324677037788,28.993,0.08337265738837882
500,8.739,1.8463149785451016,28.993,0.08337265738837882
501,8.73,1.8463748265181694,28.993,0.08337265738837882
502,8.717,1.8403562155191586,28.993,0.08337265738837882
503,8.706,1.8437906605686014,28.993,0.08337265738837882
504,8.699,1.8418466277081813,28.993,0.08337265738837882
505,8.689,1.8412710283931588,28.993,0.08337265738837882
506,8.682,1.8468557063290028,28.993,0.08337265738837882
507,8.673,1.8428431837788044,28.994,0.07722693830523131
508,8.657,1.8393887571690766,28.994,0.07722693830523131
509,8.639,1.8402931831640308,28.994,0.07722693830523131
510,8.62,1.84,28.994,0.07722693830523131
511,8.606,1.8359640519356581,28.994,0.07722693830523131
512,8.597,1.838094393658824,28.995,0.0705336798983294
513,8.591,1.837312983680244,28.995,0.0705336798983294
514,8.58,1.8378248012256229,28.996,0.063118935352238
515,8.569,1.8350038147099312,28.996,0.063118935352238
516,8.547,1.8395083582305352,28.996,0.063118935352238
517,8.538,1.8380848729044044,28.996,0.063118935352238
518,8.528,1.8317248701701903,28.997,0.054690035655501276
519,8.51,1.833003000543098,28.997,0.054690035655501276
520,8.497,1.8368426715426662,28.997,0.054690035655501276
521,8.487,1.8422353269872989,28.997,0.054690035655501276
522,8.477,1.8421376170091093,28.997,0.054690035655501276
523,8.463,1.837561155444901,28.997,0.054690035655501276
524,8.451,1.840543126362433,28.997,0.054690035655501276
525,8.446,1.8425753715927062,28.997,0.054690035655501276
526,8.428,1.836522801383092,28.997,0.054690035655501276
527,8.417,1.8447522868938258,28.997,0.054690035655501276
528,8.405,1.8533685548211938,28.997,0.054690035655501276
529,8.39,1.85469674070992,28.997,0.054690035655501276
530,8.374,1.8590653565703386,28.997,0.054690035655501276
531,8.36,1.8559094805512468,28.997,0.054690035655501276
532,8.351,1.8530512675044908,28.997,0.054690035655501276
533,8.335,1.8446612155081488,28.997,0.054690035655501276
534,8.32,1.8405433980213561,28.997,0.054690035655501276
535,8.308,1.8387865564007153,28.997,0.054690035655501276
536,8.294,1.8361819081997293,28.997,0.054690035655501276
537,8.282,1.8309767884929617,28.997,0.054690035655501276
538,8.271,1.8323643196700814,28.997,0.054690035655501276
539,8.261,1.8354506258682088,28.997,0.054690035655501276
540,8.254,1.8383372922290404,28.997,0.054690035655501276
541,8.244,1.8451189663542025,28.997,0.054690035655501276
542,8.236,1.848324646808563,28.997,0.054690035655501276
543,8.227,1.8459336391105723,28.997,0.054690035655501276
544,8.22,1.8454267799075637,28.997,0.054690035655501276
545,8.205,1.8452574346144766,28.997,0.054690035655501276
546,8.194,1.846175506283192,28.997,0.054690035655501276
547,8.185,1.8430341830796302,28.997,0.054690035655501276
548,8.178,1.8456207627787458,28.997,0.054690035655501276
549,8.164,1.8469174318306707,28.997,0.054690035655501276
550,8.152,1.845236028263051,28.997,0.054690035655501276
551,8.145,1.8466117621200187,28.997,0.054690035655501276
552,8.136,1.8410605639141802,28.997,0.054690035655501276
553,8.124,1.838647328880664,28.997,0.054690035655501276
554,8.115,1.8356946913907006,28.998,0.044676615807377355
555,8.105,1.83574916587207,28.998,0.044676615807377355
556,8.095,1.8362938218052143,28.998,0.044676615807377355
557,8.087,1.8372346066847314,28.998,0.044676615807377355
558,8.08,1.8340119955987202,28.998,0.044676615807377355
559,8.073,1.8389320270200311,28.998,0.044676615807377355
560,8.06,1.837498299318941,28.998,0.044676615807377355
561,8.05,1.8367090134259154,28.998,0.044676615807377355
562,8.037,1.83347511572969,28.998,0.044676615807377355
563,8.028,1.826257375070666,28.998,0.044676615807377355
564,8.014,1.8225816854122068,28.998,0.044676615807377355
565,8.006,1.819330646144345,28.998,0.044676615807377355
566,7.995,1.8179590204402298,28.998,0.044676615807377355
567,7.988,1.8198505433139283,28.998,0.044676615807377355
568,7.981,1.8162155709056125,28.998,0.044676615807377355
569,7.96,1.8045498053531248,28.998,0.044676615807377355
570,7.946,1.8030762601731518,28.998,0.044676615807377355
571,7.941,1.7987548471095218,28.998,0.044676615807377355
572,7.932,1.7948192109513426,28.998,0.044676615807377355
573,7.92,1.7932094133145744,28.998,0.044676615807377355
574,7.907,1.7906286605547224,28.998,0.044676615807377355
575,7.894,1.7896267767330707,28.998,0.044676615807377355
576,7.886,1.7913693086574862,28.998,0.044676615807377355
577,7.879,1.790072344906764,28.998,0.044676615807377355
578,7.869,1.7916023554349332,28.998,0.044676615807377355
579,7.856,1.7864109269706117,28.998,0.044676615807377355
580,7.849,1.781628187922497,28.998,0.044676615807377355
581,7.846,1.7816520423472144,28.998,0.044676615807377355
582,7.828,1.77719329280751,28.998,0.044676615807377355
583,7.818,1.77168733133135,28.998,0.044676615807377355
584,7.807,1.7702403791575878,28.998,0.044676615807377355
585,7.794,1.7701875606838955,28.998,0.044676615807377355
586,7.784,1.7706902608869797,28.998,0.044676615807377355
587,7.774,1.7711363583868973,28.998,0.044676615807377355
588,7.766,1.7723554948147395,28.998,0.044676615807377355
589,7.753,1.7720019751681992,28.998,0.044676615807377355
590,7.749,1.7748236532117776,28.998,0.044676615807377355
591,7.737,1.7730851643392656,28.998,0.044676615807377355
592,7.723,1.7669949066140511,28.998,0.044676615807377355
593,7.714,1.7647107411697815,28.998,0.044676615807377355
594,7.709,1.7653098878100695,28.998,0.044676615807377355
595,7.699,1.7704233956881612,28.998,0.044676615807377355
596,7.685,1.763455414803561,28.998,0.044676615807377355
597,7.674,1.764007936490083,28.998,0.044676615807377355
598,7.656,1.7690856395324677,28.998,0.044676615807377355
599,7.65,1.766210632965389,28.998,0.044676615807377355
600,7.642,1.7634727103077041,28.998,0.044676615807377355
601,7.626,1.7646880744199527,28.998,0.044676615807377355
602,7.617,1.7664402056112738,28.998,0.044676615807377355
603,7.607,1.7619736093369844,28.998,0.044676615807377355
604,7.595,1.7626613401331521,28.998,0.044676615807377355
605,7.588,1.7675565054617066,28.998,0.044676615807377355
606,7.571,1.7705815428835803,28.998,0.044676615807377355
607,7.557,1.7699579091040554,28.998,0.044676615807377355
608,7.545,1.7680427031041983,28.998,0.044676615807377355
609,7.541,1.7687054588031328,28.998,0.044676615807377355
610,7.531,1.7700392651012011,28.998,0.044676615807377355
611,7.526,1.7655945174359826,28.998,0.044676615807377355
612,7.515,1.7685516673255548,28.998,0.044676615807377355
613,7.5,1.77426040929735,28.998,0.044676615807377355
614,7.492,1.7714220276376829,28.998,0.044676615807377355
615,7.481,1.7780998284685816,28.998,0.044676615807377355
616,7.473,1.7802446461090677,28.998,0.044676615807377355
617,7.461,1.7727038669783513,28.998,0.044676615807377355
618,7.448,1.7593453327871709,28.998,0.044676615807377355
619,7.443,1.7574842815797813,28.998,0.044676615807377355
620,7.431,1.7524950784524334,28.998,0.044676615807377355
621,7.426,1.7534320631264846,28.998,0.044676615807377355
622,7.414,1.751743131854668,28.998,0.044676615807377355
623,7.405,1.7478486776606261,28.998,0.044676615807377355
624,7.39,1.742383425081862,28.998,0.044676615807377355
625,7.38,1.7468829382646107,28.998,0.044676615807377355
626,7.365,1.7429213981129499,28.998,0.044676615807377355
627,7.35,1.743989678868542,28.998,0.044676615807377355
628,7.343,1.741077539916014,28.998,0.044676615807377355
629,7.336,1.7404321302481174,28.998,0.044676615807377355
630,7.328,1.736207360887518,28.998,0.044676615807377355
631,7.321,1.7383782672364492,28.998,0.044676615807377355
632,7.311,1.7361679066265454,28.998,0.044676615807377355
633,7.301,1.736202465152034,28.998,0.044676615807377355
634,7.295,1.7389580213449662,28.998,0.044676615807377355
635,7.275,1.728980913717673,28.998,0.044676615807377355
636,7.264,1.7280925901119997,28.998,0.044676615807377355
637,7.253,1.7277126497192754,28.998,0.044676615807377355
638,7.243,1.726832649679754,28.998,0.044676615807377355
639,7.237,1.7282450636411493,28.998,0.044676615807377355
640,7.224,1.7238979088101478,28.998,0.044676615807377355
641,7.216,1.726077634406981,28.998,0.044676615807377355
642,7.206,1.7261413615344487,28.998,0.044676615807377355
643,7.195,1.7160929462007586,28.998,0.044676615807377355
644,7.189,1.715015743367973,28.998,0.044676615807377355
645,7.181,1.7158784922015895,28.998,0.044676615807377355
646,7.171,1.7122380091564373,28.998,0.044676615807377355
647,7.16,1.7159254063041316,28.998,0.044676615807377355
648,7.149,1.7107889992632055,28.998,0.044676615807377355
649,7.141,1.7138024973724364,28.998,0.044676615807377355
650,7.134,1.7123212315450627,28.998,0.044676615807377355
651,7.125,1.7109573343599191,28.998,0.044676615807377355
652,7.121,1.708320520277152,28.998,0.044676615807377355
653,7.109,1.7062001641073652,28.998,0.044676615807377355
654,7.103,1.7036405137234791,28.998,0.044676615807377355
655,7.093,1.700691330018472,28.998,0.044676615807377355
656,7.077,1.6932427469208304,28.998,0.044676615807377355
657,7.068,1.6933328083988688,28.998,0.044676615807377355
658,7.063,1.69441169731562,28.998,0.044676615807377355
659,7.054,1.6914739134849228,28.998,0.044676615807377355
660,7.045,1.6908503777685358,28.998,0.044676615807377355
661,7.034,1.6914029679529359,28.998,0.044676615807377355
662,7.029,1.6917916538392075,28.998,0.044676615807377355
663,7.021,1.689544021326464,28.998,0.044676615807377355
664,7.016,1.6869333122562966,28.998,0.044676615807377355
665,7.005,1.6849258143906516,28.998,0.044676615807377355
666,6.994,1.6810603796413741,28.999,0.03160696125855822
667,6.986,1.67803575647243,28.999,0.03160696125855822
668,6.971,1.6667810294096823,28.999,0.03160696125855822
669,6.954,1.6594830520375916,28.999,0.03160696125855822
670,6.944,1.6531376228251535,28.999,0.03160696125855822
671,6.94,1.6517869111964774,28.999,0.03160696125855822
672,6.925,1.6551057368035433,28.999,0.03160696125855822
673,6.914,1.654268418365049,28.999,0.03160696125855822
674,6.905,1.6480215411213532,28.999,0.03160696125855822
675,6.898,1.6466924424433362,28.999,0.03160696125855822
676,6.887,1.6408019380778411,28.999,0.03160696125855822
677,6.872,1.6406145190141406,28.999,0.03160696125855822
678,6.864,1.6454494826642354,28.999,0.03160696125855822
679,6.852,1.6431968841255755,28.999,0.03160696125855822
680,6.841,1.6436906643282976,28.999,0.03160696125855822
681,6.834,1.6445193826768962,28.999,0.03160696125855822
682,6.825,1.643281777419807,28.999,0.03160696125855822
683,6.817,1.641801145084264,28.999,0.03160696125855822
684,6.809,1.639670393707223,28.999,0.03160696125855822
685,6.796,1.6298417101056164,28.999,0.03160696125855822
686,6.788,1.625747827924122,28.999,0.03160696125855822
687,6.776,1.6148758466210338,28.999,0.03160696125855822
688,6.769,1.6135795611001027,28.999,0.03160696125855822
689,6.757,1.6130564156284182,28.999,0.03160696125855822
690,6.75,1.61291661284767,28.999,0.03160696125855822
691,6.738,1.6147309373390972,28.999,0.03160696125855822
692,6.728,1.6118362199677732,28.999,0.03160696125855822
693,6.714,1.6069237691937974,28.999,0.03160696125855822
694,6.704,1.6069797758528264,28.999,0.03160696125855822
695,6.693,1.6008594566669492,28.999,0.03160696125855822
696,6.682,1.5965199654247986,28.999,0.03160696125855822
697,6.671,1.5914644199604338,28.999,0.03160696125855822
698,6.663,1.5891604701854372,28.999,0.03160696125855822
699,6.647,1.5894624877611927,28.999,0.03160696125855822
700,6.64,1.58694675399019,28.999,0.03160696125855822
701,6.634,1.582417138430951,28.999,0.03160696125855822
702,6.624,1.583863630493484,28.999,0.03160696125855822
703,6.614,1.5820884931001804,28.999,0.03160696125855822
704,6.605,1.5782822941413237,28.999,0.03160696125855822
705,6.598,1.581896330357966,28.999,0.03160696125855822
706,6.593,1.580300920710989,28.999,0.03160696125855822
707,6.584,1.582701487962907,28.999,0.03160696125855822
708,6.576,1.5843686439714715,28.999,0.03160696125855822
709,6.569,1.5815305877535217,28.999,0.03160696125855822
710,6.564,1.583004737832455,28.999,0.03160696125855822
711,6.554,1.5802164408713129,28.999,0.03160696125855822
712,6.542,1.5837411404645645,28.999,0.03160696125855822
713,6.537,1.5857588088987558,28.999,0.03160696125855822
714,6.528,1.5853125874728933,28.999,0.03160696125855822
715,6.52,1.581012333917734,28.999,0.03160696125855822
716,6.51,1.5798417642283042,28.999,0.03160696125855822
717,6.503,1.5817683142609726,28.999,0.03160696125855822
718,6.493,1.5823877527331913,28.999,0.03160696125855822
719,6.479,1.5809993674888045,28.999,0.03160696125855822
720,6.474,1.578392853506376,28.999,0.03160696125855822
721,6.469,1.5783025692179558,28.999,0.03160696125855822
722,6.459,1.578708016068836,28.999,0.03160696125855822
723,6.449,1.5803161076189787,28.999,0.03160696125855822
724,6.446,1.580216440871313,28.999,0.03160696125855822
725,6.436,1.5766749823600297,28.999,0.03160696125855822
726,6.427,1.5737442613080437,28.999,0.03160696125855822
727,6.419,1.5720811047779946,28.999,0.03160696125855822
728,6.41,1.5696814963552321,28.999,0.03160696125855822
729,6.394,1.572502464227004,28.999,0.03160696125855822
730,6.384,1.567974489588399,28.999,0.03160696125855822
731,6.379,1.5656816406920022,28.999,0.03160696125855822
732,6.371,1.5624848799268425,28.999,0.03160696125855822
733,6.364,1.5574029664797742,28.999,0.03160696125855822
734,6.356,1.5521804018863272,28.999,0.03160696125855822
735,6.344,1.5477932678494242,28.999,0.03160696125855822
736,6.333,1.542112512107985,28.999,0.03160696125855822
737,6.326,1.5374407305649218,28.999,0.03160696125855822
738,6.322,1.534378049895136,28.999,0.03160696125855822
739,6.31,1.532938354924946,28.999,0.03160696125855822
740,6.302,1.5325782198635083,28.999,0.03160696125855822
741,6.296,1.5311381387712866,28.999,0.03160696125855822
742,6.287,1.528604265334884,28.999,0.03160696125855822
743,6.284,1.5294914187402295,28.999,0.03160696125855822
744,6.279,1.5294309399250428,28.999,0.03160696125855822
745,6.27,1.530065358081151,28.999,0.03160696125855822
746,6.263,1.529650613702358,28.999,0.03160696125855822
747,6.255,1.5329628175529892,28.999,0.03160696125855822
748,6.247,1.5303564944155985,28.999,0.03160696125855822
749,6.238,1.5327609076434587,28.999,0.03160696125855822
750,6.228,1.52905722587482,28.999,0.03160696125855822
751,6.219,1.5234956514542468,28.999,0.03160696125855822
752,6.207,1.5218906005360568,28.999,0.03160696125855822
753,6.195,1.5168965027318113,28.999,0.03160696125855822
754,6.187,1.5159257897403817,28.999,0.03160696125855822
755,6.173,1.5169281459581399,28.999,0.03160696125855822
756,6.163,1.5134169947506206,28.999,0.03160696125855822
757,6.156,1.5138242962774775,28.999,0.03160696125855822
758,6.144,1.512370325019636,28.999,0.03160696125855822
759,6.134,1.5093190517581099,28.999,0.03160696125855822
760,6.126,1.506693067615299,28.999,0.03160696125855822
761,6.117,1.4984361848273686,28.999,0.03160696125855822
762,6.108,1.4934309491904874,28.999,0.03160696125855822
763,6.097,1.4931815026981818,28.999,0.03160696125855822
764,6.088,1.4900523480737178,28.999,0.03160696125855822
765,6.076,1.4893703367530857,28.999,0.03160696125855822
766,6.071,1.487937834722943,28.999,0.03160696125855822
767,6.062,1.4880040322526011,29.0,0.0
768,6.056,1.4855517493510617,29.0,0.0
769,6.052,1.4863700750486064,29.0,0.0
770,6.045,1.4842422309043763,29.0,0.0
771,6.032,1.4889513088076456,29.0,0.0
772,6.022,1.4763183938432793,29.0,0.0
773,6.012,1.4716847488507856,29.0,0.0
774,6.003,1.469350536801889,29.0,0.0
775,5.995,1.4707056129627032,29.0,0.0
776,5.99,1.4689792374298556,29.0,0.0
777,5.985,1.4692770331016543,29.0,0.0
778,5.978,1.4654405480946677,29.0,0.0
779,5.969,1.4676644711922406,29.0,0.0
780,5.964,1.4672095964789762,29.0,0.0
781,5.952,1.4655019617864726,29.0,0.0
782,5.949,1.4671056540004197,29.0,0.0
783,5.941,1.4640761592212341,29.0,0.0
784,5.93,1.4632498077908636,29.0,0.0
785,5.923,1.460503680241854,29.0,0.0
786,5.913,1.4558265693412797,29.0,0.0
787,5.903,1.4517544558223336,29.0,0.0
788,5.891,1.4467615560278064,29.0,0.0
789,5.877,1.438704625696324,29.0,0.0
790,5.868,1.4361671211944658,29.0,0.0
791,5.858,1.432423121846335,29.0,0.0
792,5.85,1.4323058332632734,29.0,0.0
793,5.843,1.4326028758871034,29.0,0.0
794,5.833,1.4300737743207514,29.0,0.0
795,5.825,1.424912278001702,29.0,0.0
796,5.816,1.4227241475423125,29.0,0.0
797,5.803,1.4164007201353719,29.0,0.0
798,5.797,1.415553248733512,29.0,0.0
799,5.787,1.4190246650428597,29.0,0.0
800,5.777,1.4118324971468819,29.0,0.0
801,5.771,1.411580320066839,29.0,0.0
802,5.762,1.4090266143689407,29.0,0.0
803,5.753,1.404987900303771,29.0,0.0
804,5.747,1.4024945632693195,29.0,0.0
805,5.739,1.402454633847384,29.0,0.0
806,5.73,1.4025334220616634,29.0,0.0
807,5.726,1.4053198924088421,29.0,0.0
808,5.721,1.4018412891622216,29.0,0.0
809,5.709,1.3958219800533305,29.0,0.0
810,5.699,1.3979982117299006,29.0,0.0
811,5.694,1.3965543312023345,29.0,0.0
812,5.685,1.3963434391295,29.0,0.0
813,5.675,1.3962002005443204,29.0,0.0
814,5.671,1.3938288991120826,29.0,0.0
815,5.659,1.3952487233464863,29.0,0.0
816,5.646,1.3909291858322623,29.0,0.0
817,5.64,1.3879481258317978,29.0,0.0
818,5.63,1.3896402412135307,29.0,0.0
819,5.621,1.389013678838333,29.0,0.0
820,5.61,1.3798188286873028,29.0,0.0
821,5.602,1.3738981039363873,29.0,0.0
822,5.597,1.3728040646792972,29.0,0.0
823,5.592,1.3760581383066632,29.0,0.0
824,5.581,1.3731128868377864,29.0,0.0
825,5.573,1.3677247530113652,29.0,0.0
826,5.56,1.3683566786477859,29.0,0.0
827,5.553,1.3686456809561778,29.0,0.0
828,5.542,1.363171302514838,29.0,0.0
829,5.534,1.3641275600177574,29.0,0.0
830,5.524,1.3665372296428664,29.0,0.0
831,5.515,1.3615340612705948,29.0,0.0
832,5.506,1.3638049713943707,29.0,0.0
833,5.499,1.3660157392943904,29.0,0.0
834,5.489,1.3667036986852708,29.0,0.0
835,5.481,1.3673474320742331,29.0,0.0
836,5.474,1.3657686480513453,29.0,0.0
837,5.468,1.3641759417318575,29.0,0.0
838,5.46,1.3624977064200878,29.0,0.0
839,5.451,1.3599996323528916,29.0,0.0
840,5.445,1.3597702011737132,29.0,0.0
841,5.436,1.3593763275855586,29.0,0.0
842,5.427,1.3611285758516716,29.0,0.0
843,5.42,1.361469794009401,29.0,0.0
844,5.409,1.3578361462267823,29.0,0.0
845,5.399,1.3534396920439418,29.0,0.0
846,5.396,1.3517337015847464,29.0,0.0
847,5.387,1.3502707135978327,29.0,0.0
848,5.384,1.3514969478322918,29.0,0.0
849,5.374,1.3468942051995028,29.0,0.0
850,5.363,1.3450765777456688,29.0,0.0
851,5.352,1.3431664081564876,29.0,0.0
852,5.344,1.3459806833680785,29.0,0.0
853,5.337,1.3444073043538551,29.0,0.0
854,5.328,1.3403044430277773,29.0,0.0
855,5.316,1.3387098266614763,29.0,0.0
856,5.312,1.337406445326177,29.0,0.0
857,5.305,1.3371518238405091,29.0,0.0
858,5.3,1.3341664064126335,29.0,0.0
859,5.296,1.335808369490175,29.0,0.0
860,5.288,1.3315614893800436,29.0,0.0
861,5.275,1.3286741511747715,29.0,0.0
862,5.269,1.3291497282097304,29.0,0.0
863,5.263,1.3311014236338266,29.0,0.0
864,5.256,1.3298360801241635,29.0,0.0
865,5.248,1.332102098189174,29.0,0.0
866,5.241,1.3277495998869668,29.0,0.0
867,5.235,1.3258110725137273,29.0,0.0
868,5.227,1.3279574541377446,29.0,0.0
869,5.219,1.3270414462253997,29.0,0.0
870,5.21,1.324348896628075,29.0,0.0
871,5.203,1.325817106542226,29.0,0.0
872,5.2,1.3228756555322954,29.0,0.0
873,5.191,1.324582575757359,29.0,0.0
874,5.182,1.3232067109866092,29.0,0.0
875,5.178,1.3245059456265191,29.0,0.0
876,5.169,1.3147011067158954,29.0,0.0
877,5.162,1.312157002801113,29.0,0.0
878,5.154,1.3108333227378681,29.0,0.0
879,5.147,1.3104926554544287,29.0,0.0
880,5.14,1.3116401945655676,29.0,0.0
881,5.137,1.3108131064343231,29.0,0.0
882,5.132,1.3109446975368564,29.0,0.0
883,5.124,1.307908253663077,29.0,0.0
884,5.112,1.2990211699583651,29.0,0.0
885,5.103,1.2939826119388158,29.0,0.0
886,5.096,1.2910398909406322,29.0,0.0
887,5.089,1.2903794015714911,29.0,0.0
888,5.084,1.2856686976044798,29.0,0.0
889,5.072,1.2840623037843608,29.0,0.0
890,5.065,1.2863805813210958,29.0,0.0
891,5.062,1.2869172467567602,29.0,0.0
892,5.056,1.280962138394418,29.0,0.0
893,5.045,1.2786614094434852,29.0,0.0
894,5.035,1.2789741983323981,29.0,0.0
895,5.025,1.2697932902642066,29.0,0.0
896,5.016,1.270332240006527,29.0,0.0
897,5.005,1.2708166665573757,29.0,0.0
898,5.0,1.2720062892926278,29.0,0.0
899,4.992,1.2711947136453956,29.0,0.0
900,4.99,1.2696062381699296,29.0,0.0
901,4.982,1.2687300737351503,29.0,0.0
902,4.97,1.2669254121691615,29.0,0.0
903,4.965,1.2671917771197856,29.0,0.0
904,4.96,1.2611106216347556,29.0,0.0
905,4.948,1.2582909043619446,29.0,0.0
906,4.935,1.2477078985083008,29.0,0.0
907,4.925,1.2463446553822903,29.0,0.0
908,4.92,1.2399999999999998,29.0,0.0
909,4.909,1.2339850080126582,29.0,0.0
910,4.901,1.2366078602370276,29.0,0.0
911,4.893,1.226193704110407,29.0,0.0
912,4.885,1.2222008836521105,29.0,0.0
913,4.879,1.2240747526192999,29.0,0.0
914,4.874,1.2247954931334457,29.0,0.0
915,4.864,1.2237254594066431,29.0,0.0
916,4.854,1.2258401200809181,29.0,0.0
917,4.847,1.22376100607921,29.0,0.0
918,4.839,1.2251852921089121,29.0,0.0
919,4.834,1.2249261202211341,29.0,0.0
920,4.831,1.2241074299259849,29.0,0.0
921,4.825,1.2232640761503626,29.0,0.0
922,4.82,1.2245815611873305,29.0,0.0
923,4.814,1.2212305269685984,29.0,0.0
924,4.808,1.2219394420346699,29.0,0.0
925,4.799,1.224172781922552,29.0,0.0
926,4.793,1.2239897875390955,29.0,0.0
927,4.784,1.2187468974319484,29.0,0.0
928,4.775,1.2175282337588726,29.0,0.0
929,4.769,1.2164041269249293,29.0,0.0
930,4.763,1.216893997026857,29.0,0.0
931,4.757,1.214887237565693,29.0,0.0
932,4.748,1.2093370084471904,29.0,0.0
933,4.738,1.2072100065854325,29.0,0.0
934,4.73,1.2071039723238426,29.0,0.0
935,4.725,1.2088734425075274,29.0,0.0
936,4.716,1.2047173942464682,29.0,0.0
937,4.71,1.2041179344233688,29.0,0.0
938,4.701,1.201498647523167,29.0,0.0
939,4.696,1.1989929107380075,29.0,0.0
940,4.684,1.2000599985000748,29.0,0.0
941,4.678,1.1967940507873522,29.0,0.0
942,4.667,1.194198894657,29.0,0.0
943,4.663,1.1888780425258092,29.0,0.0
944,4.652,1.1819035493643295,29.0,0.0
945,4.642,1.178913058711286,29.0,0.0
946,4.637,1.1735548559824547,29.0,0.0
947,4.63,1.1726465793238814,29.0,0.0
948,4.622,1.1735058585281968,29.0,0.0
949,4.615,1.1759145377109683,29.0,0.0
950,4.607,1.1732651021827931,29.0,0.0
951,4.602,1.1737103560930184,29.0,0.0
952,4.597,1.1707224265384173,29.0,0.0
953,4.593,1.1719005930538648,29.0,0.0
954,4.59,1.16957257149781,29.0,0.0
955,4.585,1.167379544107228,29.0,0.0
956,4.578,1.1627192266407227,29.0,0.0
957,4.569,1.155525421615639,29.0,0.0
958,4.562,1.1550567085645622,29.0,0.0
959,4.556,1.1536307901577523,29.0,0.0
960,4.551,1.1503908031621255,29.0,0.0
961,4.545,1.150641125633879,29.0,0.0
962,4.537,1.1474454235387408,29.0,0.0
963,4.533,1.144950217258375,29.0,0.0
964,4.525,1.1372664595423536,29.0,0.0
965,4.521,1.1338249423963118,29.0,0.0
966,4.516,1.1286026758784509,29.0,0.0
967,4.507,1.1224753894852217,29.0,0.0
968,4.498,1.1171374132128957,29.0,0.0
969,4.487,1.1134769867401841,29.0,0.0
970,4.481,1.109792322914517,29.0,0.0
971,4.479,1.1106570127631663,29.0,0.0
972,4.471,1.1023425057576253,29.0,0.0
973,4.467,1.1040430245239539,29.0,0.0
974,4.46,1.097451593465516,29.0,0.0
975,4.455,1.0945204429337994,29.0,0.0
976,4.449,1.0878414406520833,29.0,0.0
977,4.439,1.0854856056162145,29.0,0.0
978,4.435,1.0880142462302596,29.0,0.0
979,4.426,1.0883583968528012,29.0,0.0
980,4.419,1.0860197972412844,29.0,0.0
981,4.409,1.0815354825432217,29.0,0.0
982,4.404,1.0783246264460438,29.0,0.0
983,4.395,1.079340076157649,29.0,0.0
984,4.392,1.0753306468245012,29.0,0.0
985,4.385,1.0736736003087717,29.0,0.0
986,4.38,1.0703270528207722,29.0,0.0
987,4.373,1.0667103636882882,29.0,0.0
988,4.367,1.067853454365345,29.0,0.0
989,4.362,1.0690912028447337,29.0,0.0
990,4.353,1.0669540758626868,29.0,0.0
991,4.347,1.066110219442624,29.0,0.0
992,4.344,1.0647365871425665,29.0,0.0
993,4.332,1.0619679844515089,29.0,0.0
994,4.32,1.0571660229122006,29.0,0.0
995,4.31,1.0563616804863758,29.0,0.0
996,4.305,1.05639717909506,29.0,0.0
997,4.291,1.0584512270293798,29.0,0.0
998,4.285,1.0581942165784124,29.0,0.0
999,4.278,1.057693717481578,29.0,0.0
1000,4.267,1.0581639759507975,29.0,0.0
1001,4.263,1.058220676418676,29.0,0.0
1002,4.256,1.05568177023192,29.0,0.0
1003,4.246,1.0542694152824503,29.0,0.0
1004,4.238,1.0504075399577062,29.0,0.0
1005,4.231,1.0486367340504528,29.0,0.0
1006,4.22,1.043839068055991,29.0,0.0
1007,4.213,1.0351961166851429,29.0,0.0
1008,4.207,1.0315769481720694,29.0,0.0
1009,4.204,1.0326587045098685,29.0,0.0
1010,4.193,1.0284702231955962,29.0,0.0
1011,4.182,1.0260974612579452,29.0,0.0
1012,4.175,1.0229247284135818,29.0,0.0
1013,4.169,1.0209990205676007,29.0,0.0
1014,4.166,1.017076201668292,29.0,0.0
1015,4.156,1.0137376386422672,29.0,0.0
1016,4.152,1.0153304880678016,29.0,0.0
1017,4.146,1.0171941800855921,29.0,0.0
1018,4.141,1.01544029858973,29.0,0.0
1019,4.137,1.0150029556607212,29.0,0.0
1020,4.134,1.014910833521842,29.0,0.0
1021,4.124,1.0092690424262503,29.0,0.0
1022,4.121,1.0111176983912407,29.0,0.0
1023,4.114,1.0124248120230952,29.0,0.0
1024,4.108,1.0130824250770516,29.0,0.0
1025,4.098,1.0121244982708402,29.0,0.0
1026,4.094,1.009536527323306,29.0,0.0
1027,4.09,1.004937809021036,29.0,0.0
1028,4.083,0.999055053538092,29.0,0.0
1029,4.077,0.9985344260464935,29.0,0.0
1030,4.07,0.9894948206029174,29.0,0.0
1031,4.066,0.9887588179126393,29.0,0.0
1032,4.062,0.989017694482763,29.0,0.0
1033,4.058,0.9862230984924253,29.0,0.0
1034,4.053,0.9819322787239454,29.0,0.0
1035,4.043,0.9742438093208496,29.0,0.0
1036,4.039,0.9744121304663649,29.0,0.0
1037,4.031,0.9695560839889562,29.0,0.0
1038,4.023,0.9677143173478422,29.0,0.0
1039,4.015,0.9574836813230814,29.0,0.0
1040,4.008,0.9549534020045167,29.0,0.0
1041,4.002,0.9528882410860153,29.0,0.0
1042,3.998,0.9518382215481789,29.0,0.0
1043,3.993,0.9481302653116818,29.0,0.0
1044,3.988,0.9433217902709552,29.0,0.0
1045,3.983,0.9448338478272251,29.0,0.0
1046,3.976,0.9399063783164789,29.0,0.0
1047,3.97,0.9418598621875762,29.0,0.0
1048,3.966,0.9406614693926821,29.0,0.0
1049,3.962,0.9405083731684689,29.0,0.0
1050,3.956,0.9423714766481422,29.0,0.0
1051,3.949,0.940424903966287,29.0,0.0
1052,3.945,0.9380698268252742,29.0,0.0
1053,3.938,0.9381662965594108,29.0,0.0
1054,3.928,0.9385179806482132,29.0,0.0
1055,3.922,0.93590384121447,29.0,0.0
1056,3.918,0.9355618632672027,29.0,0.0
1057,3.913,0.9302854400666496,29.0,0.0
1058,3.905,0.9295025551336586,29.0,0.0
1059,3.898,0.921735319926496,29.0,0.0
1060,3.888,0.9140328221677819,29.0,0.0
1061,3.884,0.9135337979516686,29.0,0.0
1062,3.874,0.9078127560240602,29.0,0.0
1063,3.87,0.9072485877641254,29.0,0.0
1064,3.865,0.9059663349153765,29.0,0.0
1065,3.856,0.9018115102392517,29.0,0.0
1066,3.844,0.8897550224640488,29.0,0.0
1067,3.838,0.8864287901461686,29.0,0.0
1068,3.832,0.8830492624989842,29.0,0.0
1069,3.826,0.8796158252328115,29.0,0.0
1070,3.822,0.8753947680903742,29.0,0.0
1071,3.814,0.8748737051712092,29.0,0.0
1072,3.811,0.8759446329534761,29.0,0.0
1073,3.804,0.8726878021377404,29.0,0.0
1074,3.798,0.869020137856425,29.0,0.0
1075,3.789,0.8651468083510451,29.0,0.0
1076,3.784,0.8610133564585395,29.0,0.0
1077,3.781,0.8561769676883395,29.0,0.0
1078,3.777,0.8528018527184378,29.0,0.0
1079,3.77,0.8538735269347564,29.0,0.0
1080,3.764,0.8545782585579861,29.0,0.0
1081,3.756,0.8511545100626562,29.0,0.0
1082,3.749,0.8473482164966184,29.0,0.0
1083,3.742,0.8446514073865028,29.0,0.0
1084,3.734,0.8409780020904232,29.0,0.0
1085,3.73,0.8373171442171717,29.0,0.0
1086,3.725,0.8362864341838865,29.0,0.0
1087,3.718,0.8309488552251576,29.0,0.0
1088,3.715,0.8305269411644634,29.0,0.0
1089,3.708,0.8238543560605843,29.0,0.0
1090,3.704,0.8224256805328978,29.0,0.0
1091,3.697,0.8192624732037955,29.0,0.0
1092,3.69,0.8135723692456621,29.0,0.0
1093,3.685,0.8073258326103532,29.0,0.0
1094,3.677,0.8029140676311507,29.0,0.0
1095,3.673,0.8012933295616531,29.0,0.0
1096,3.671,0.7992239986386795,29.0,0.0
1097,3.665,0.7942134473804885,29.0,0.0
1098,3.661,0.789986708748951,29.0,0.0
1099,3.658,0.7855163906628556,29.0,0.0
1100,3.652,0.786699434345799,29.0,0.0
1101,3.646,0.7840178569394959,29.0,0.0
1102,3.642,0.7821994630527433,29.0,0.0
1103,3.632,0.780112812354726,29.0,0.0
1104,3.626,0.7707943954129401,29.0,0.0
1105,3.618,0.7681640449799769,29.0,0.0
1106,3.613,0.7689154699965399,29.0,0.0
1107,3.611,0.7692067342398922,29.0,0.0
1108,3.607,0.7684731615352614,29.0,0.0
1109,3.602,0.7665481067747804,29.0,0.0
1110,3.6,0.7668115805072325,29.0,0.0
1111,3.598,0.7670697491102098,29.0,0.0
1112,3.592,0.7625850772208961,29.0,0.0
1113,3.587,0.7565916996636957,29.0,0.0
1114,3.584,0.7542837662312507,29.0,0.0
1115,3.578,0.7509434066559211,29.0,0.0
1116,3.573,0.7501139913373167,29.0,0.0
1117,3.57,0.7477298977572048,29.0,0.0
1118,3.566,0.7440725771052176,29.0,0.0
1119,3.563,0.7416407486108082,29.0,0.0
1120,3.559,0.7406206856414421,29.0,0.0
1121,3.554,0.7369423315294081,29.0,0.0
1122,3.552,0.7370861550727974,29.0,0.0
1123,3.545,0.7334677907038589,29.0,0.0
1124,3.54,0.7255342858886822,29.0,0.0
1125,3.532,0.7190104310787153,29.0,0.0
1126,3.528,0.7163909547167664,29.0,0.0
1127,3.52,0.7039886362719218,29.0,0.0
1128,3.515,0.7012667110308317,29.0,0.0
1129,3.506,0.698544200462648,29.0,0.0
1130,3.5,0.697137002317335,29.0,0.0
1131,3.498,0.6956982104332309,29.0,0.0
1132,3.497,0.6942557165771126,29.0,0.0
1133,3.491,0.6898688281115477,29.0,0.0
1134,3.485,0.6883131554750351,29.0,0.0
1135,3.477,0.6807870445300791,29.0,0.0
1136,3.472,0.6732131906016102,29.0,0.0
1137,3.468,0.6685626373048377,29.0,0.0
1138,3.464,0.6653600529036892,29.0,0.0
1139,3.461,0.660665573493882,29.0,0.0
1140,3.456,0.6588353360286621,29.0,0.0
1141,3.453,0.6571080580848176,29.0,0.0
1142,3.443,0.6547908062885428,29.0,0.0
1143,3.439,0.65443028658521,29.0,0.0
1144,3.435,0.6479004553170187,29.0,0.0
1145,3.428,0.6471599493170139,29.0,0.0
1146,3.424,0.6451542451228234,29.0,0.0
1147,3.418,0.6428654602636543,29.0,0.0
1148,3.412,0.6389491372558539,29.0,0.0
1149,3.41,0.6371028174478589,29.0,0.0
1150,3.399,0.6307130884958706,29.0,0.0
1151,3.394,0.6202934789275154,29.0,0.0
1152,3.391,0.6165379144870167,29.0,0.0
1153,3.386,0.6140065146234199,29.0,0.0
1154,3.382,0.6116175275447884,29.0,0.0
1155,3.376,0.6071441344524379,29.0,0.0
1156,3.369,0.6040190394350166,29.0,0.0
1157,3.366,0.6000366655463647,29.0,0.0
1158,3.361,0.5938678304134684,29.0,0.0
1159,3.356,0.5909856174222855,29.0,0.0
1160,3.351,0.5846357840570485,29.0,0.0
1161,3.348,0.5838629976287246,29.0,0.0
1162,3.345,0.5813561730987296,29.0,0.0
1163,3.335,0.573389047680543,29.0,0.0
1164,3.333,0.5728097415372753,29.0,0.0
1165,3.327,0.5692723425567063,29.0,0.0
1166,3.323,0.5627352841256712,29.0,0.0
1167,3.313,0.5522961162275178,29.0,0.0
1168,3.308,0.5451018253500899,29.0,0.0
1169,3.303,0.5414711441988391,29.0,0.0
1170,3.301,0.5407393087246386,29.0,0.0
1171,3.296,0.5370139662988291,29.0,0.0
1172,3.292,0.5317292544143118,29.0,0.0
1173,3.285,0.528937614468852,29.0,0.0
1174,3.277,0.5198759467411433,29.0,0.0
1175,3.27,0.5109794516416486,29.0,0.0
1176,3.265,0.5067297109899912,29.0,0.0
1177,3.262,0.5053276165024033,29.0,0.0
1178,3.256,0.5024579584403057,29.0,0.0
1179,3.245,0.4908920451586071,29.0,0.0
1180,3.239,0.48772840803053497,29.0,0.0
1181,3.237,0.482525646986769,29.0,0.0
1182,3.233,0.47823738875165334,29.0,0.0
1183,3.225,0.47156653825308686,29.0,0.0
1184,3.215,0.45910238509508966,29.0,0.0
1185,3.208,0.45247762375613676,29.0,0.0
1186,3.201,0.4456444771339594,29.0,0.0
1187,3.197,0.43839593976221997,29.0,0.0
1188,3.192,0.43027433109587193,29.0,0.0
1189,3.186,0.42356109358627364,29.0,0.0
1190,3.175,0.4127650663513084,29.0,0.0
1191,3.17,0.4087786687193939,29.0,0.0
1192,3.166,0.4055169540228867,29.0,0.0
1193,3.165,0.4046912403302053,29.0,0.0
1194,3.158,0.39374611109190655,29.0,0.0
1195,3.156,0.392,29.0,0.0
1196,3.151,0.3875551573647291,29.0,0.0
1197,3.143,0.3801986322963301,29.0,0.0
1198,3.14,0.37735924528226417,29.0,0.0
1199,3.137,0.3717942979659586,29.0,0.0
1200,3.13,0.3620773398046334,29.0,0.0
1201,3.122,0.35087889648709286,29.0,0.0
1202,3.118,0.34362188521687614,29.0,0.0
1203,3.114,0.33912239678322637,29.0,0.0
1204,3.107,0.3309848939151151,29.0,0.0
1205,3.105,0.3255380162131606,29.0,0.0
1206,3.101,0.3174885824718741,29.0,0.0
1207,3.092,0.30583655765784445,29.0,0.0
1208,3.084,0.28800000000000003,29.0,0.0
1209,3.078,0.2755285829092873,29.0,0.0
1210,3.073,0.26771440006096053,29.0,0.0
1211,3.069,0.2612259558313454,29.0,0.0
1212,3.067,0.2539901572896084,29.0,0.0
1213,3.062,0.24526720123163634,29.0,0.0
1214,3.051,0.21999772726098782,29.0,0.0
1215,3.047,0.2116388433156825,29.0,0.0
1216,3.038,0.19119623427254,29.0,0.0
1217,3.034,0.181229136730273,29.0,0.0
1218,3.033,0.17863650242881493,29.0,0.0
1219,3.029,0.16780643611018023,29.0,0.0
1220,3.024,0.15304901175767194,29.0,0.0
1221,3.019,0.13652472303579308,29.0,0.0
1222,3.018,0.132951118836962,29.0,0.0
1223,3.015,0.12155245781143219,29.0,0.0
1224,3.009,0.09444045743218316,29.0,0.0
1225,3.0,0.0,29.0,0.0
