,Core genome (mean),Core genome (std),Pan genome (mean),Pan genome (std)
0,22.7,1.4177446878757824,22.7,1.4177446878757824
1,20.6,1.4966629547095767,24.7,1.2688577540449522
2,19.8,1.1661903789690602,25.2,1.077032961426901
3,19.1,1.1357816691600546,25.8,0.7483314773547883
4,18.8,1.16619037896906,26.1,0.5385164807134504
5,18.5,0.806225774829855,26.3,0.45825756949558394
6,18.3,0.6403124237432849,26.3,0.45825756949558394
7,18.2,0.6,26.3,0.45825756949558394
8,18.2,0.6,26.4,0.4898979485566356
9,18.1,0.5385164807134504,26.4,0.4898979485566356
10,18.0,0.4472135954999579,26.5,0.5
11,18.0,0.4472135954999579,26.5,0.5
12,17.8,0.7483314773547882,26.8,0.6
13,17.8,0.7483314773547882,26.8,0.6
14,17.8,0.7483314773547882,26.8,0.6
15,17.7,0.7810249675906654,26.8,0.6
16,17.7,0.7810249675906654,26.8,0.6
17,17.7,0.7810249675906654,26.8,0.6
18,17.6,1.019803902718557,26.8,0.6
19,17.5,0.9219544457292888,26.9,0.5385164807134504
20,17.3,0.9000000000000001,26.9,0.5385164807134504
21,17.3,0.9000000000000001,26.9,0.5385164807134504
22,17.1,0.9433981132056604,26.9,0.5385164807134504
23,17.1,0.9433981132056604,26.9,0.5385164807134504
24,17.1,0.9433981132056604,26.9,0.5385164807134504
25,17.1,0.9433981132056604,27.0,0.6324555320336759
26,17.1,0.9433981132056604,27.0,0.6324555320336759
27,17.0,1.0,27.1,0.5385164807134504
28,17.0,1.0,27.1,0.5385164807134504
29,17.0,1.0,27.1,0.5385164807134504
30,17.0,1.0,27.1,0.5385164807134504
31,17.0,1.0,27.1,0.5385164807134504
32,17.0,1.0,27.1,0.5385164807134504
33,17.0,1.0,27.2,0.6
34,17.0,1.0,27.2,0.6
35,16.9,0.9433981132056604,27.3,0.6403124237432849
36,16.9,0.9433981132056604,27.3,0.6403124237432849
37,16.9,0.9433981132056604,27.3,0.6403124237432849
38,16.9,0.9433981132056604,27.3,0.6403124237432849
39,16.9,0.9433981132056604,27.3,0.6403124237432849
40,16.9,0.9433981132056604,27.3,0.6403124237432849
41,16.7,1.0999999999999999,27.4,0.66332495807108
42,16.7,1.0999999999999999,27.5,0.5
43,16.7,1.0999999999999999,27.5,0.5
44,16.6,1.0198039027185568,27.5,0.5
45,16.6,1.0198039027185568,27.5,0.5
46,16.6,1.0198039027185568,27.5,0.5
47,16.6,1.0198039027185568,27.5,0.5
48,16.6,1.0198039027185568,27.5,0.5
49,16.6,1.0198039027185568,27.5,0.5
50,16.6,1.0198039027185568,27.5,0.5
51,16.5,1.2041594578792296,27.5,0.5
52,16.5,1.2041594578792296,27.5,0.5
53,16.5,1.2041594578792296,27.5,0.5
54,16.5,1.2041594578792296,27.5,0.5
55,16.4,1.2,27.5,0.5
56,16.4,1.2,27.5,0.5
57,16.4,1.2,27.5,0.5
58,16.4,1.2,27.5,0.5
59,16.3,1.1,27.5,0.5
60,16.3,1.1,27.5,0.5
61,16.3,1.1,27.5,0.5
62,16.3,1.1,27.5,0.5
63,16.3,1.1,27.5,0.5
64,16.3,1.1,27.5,0.5
65,16.3,1.1,27.7,0.45825756949558394
66,16.3,1.1,27.7,0.45825756949558394
67,16.3,1.1,27.7,0.45825756949558394
68,16.3,1.1,27.7,0.45825756949558394
69,16.2,1.16619037896906,27.7,0.45825756949558394
70,16.2,1.16619037896906,27.7,0.45825756949558394
71,16.2,1.16619037896906,27.7,0.45825756949558394
72,16.2,1.16619037896906,27.7,0.45825756949558394
73,16.2,1.16619037896906,27.7,0.45825756949558394
74,16.2,1.16619037896906,27.7,0.45825756949558394
75,16.2,1.16619037896906,27.7,0.45825756949558394
76,16.0,1.3416407864998738,27.7,0.45825756949558394
77,16.0,1.3416407864998738,27.7,0.45825756949558394
78,16.0,1.3416407864998738,27.7,0.45825756949558394
79,15.9,1.445683229480096,27.7,0.45825756949558394
80,15.8,1.4000000000000001,27.7,0.45825756949558394
81,15.8,1.4000000000000001,27.7,0.45825756949558394
82,15.8,1.4000000000000001,27.7,0.45825756949558394
83,15.8,1.4000000000000001,27.7,0.45825756949558394
84,15.7,1.4177446878757827,27.8,0.4
85,15.6,1.5620499351813308,27.8,0.4
86,15.6,1.5620499351813308,27.8,0.4
87,15.6,1.5620499351813308,27.8,0.4
88,15.6,1.5620499351813308,27.8,0.4
89,15.6,1.5620499351813308,27.8,0.4
90,15.6,1.5620499351813308,27.9,0.5385164807134504
91,15.4,1.4966629547095764,27.9,0.5385164807134504
92,15.4,1.4966629547095764,27.9,0.5385164807134504
93,15.3,1.4866068747318506,27.9,0.5385164807134504
94,15.3,1.4866068747318506,27.9,0.5385164807134504
95,15.3,1.4866068747318506,27.9,0.5385164807134504
96,15.3,1.4866068747318506,28.0,0.4472135954999579
97,15.3,1.4866068747318506,28.0,0.4472135954999579
98,15.2,1.5362291495737217,28.0,0.4472135954999579
99,15.2,1.5362291495737217,28.0,0.4472135954999579
100,15.2,1.5362291495737217,28.0,0.4472135954999579
101,15.1,1.57797338380595,28.0,0.4472135954999579
102,15.1,1.57797338380595,28.0,0.4472135954999579
103,15.1,1.57797338380595,28.1,0.5385164807134504
104,15.1,1.57797338380595,28.1,0.5385164807134504
105,15.1,1.57797338380595,28.1,0.5385164807134504
106,15.1,1.57797338380595,28.1,0.5385164807134504
107,15.0,1.6733200530681511,28.1,0.5385164807134504
108,15.0,1.6733200530681511,28.1,0.5385164807134504
109,15.0,1.6733200530681511,28.1,0.5385164807134504
110,15.0,1.6733200530681511,28.1,0.5385164807134504
111,15.0,1.6733200530681511,28.1,0.5385164807134504
112,15.0,1.6733200530681511,28.1,0.5385164807134504
113,14.8,1.7776388834631176,28.1,0.5385164807134504
114,14.8,1.7776388834631176,28.1,0.5385164807134504
115,14.8,1.7776388834631176,28.1,0.5385164807134504
116,14.8,1.7776388834631176,28.1,0.5385164807134504
117,14.8,1.7776388834631176,28.1,0.5385164807134504
118,14.8,1.7776388834631176,28.1,0.5385164807134504
119,14.8,1.7776388834631176,28.1,0.5385164807134504
120,14.8,1.7776388834631176,28.1,0.5385164807134504
121,14.8,1.7776388834631176,28.1,0.5385164807134504
122,14.8,1.7776388834631176,28.1,0.5385164807134504
123,14.8,1.7776388834631176,28.1,0.5385164807134504
124,14.8,1.7776388834631176,28.1,0.5385164807134504
125,14.8,1.7776388834631176,28.1,0.5385164807134504
126,14.8,1.7776388834631176,28.1,0.5385164807134504
127,14.8,1.7776388834631176,28.1,0.5385164807134504
128,14.8,1.7776388834631176,28.1,0.5385164807134504
129,14.8,1.7776388834631176,28.1,0.5385164807134504
130,14.8,1.7776388834631176,28.2,0.6
131,14.8,1.7776388834631176,28.2,0.6
132,14.7,1.7916472867168916,28.2,0.6
133,14.7,1.7916472867168916,28.2,0.6
134,14.6,1.6852299546352716,28.2,0.6
135,14.6,1.6852299546352716,28.2,0.6
136,14.5,1.746424919657298,28.2,0.6
137,14.4,1.8,28.2,0.6
138,14.4,1.8,28.2,0.6
139,14.4,1.8,28.2,0.6
140,14.4,1.8,28.2,0.6
141,14.4,1.8,28.2,0.6
142,14.3,1.7349351572897471,28.2,0.6
143,14.3,1.7349351572897471,28.2,0.6
144,14.3,1.7349351572897471,28.2,0.6
145,14.3,1.7349351572897471,28.2,0.6
146,14.3,1.7349351572897471,28.2,0.6
147,14.2,1.8330302779823362,28.2,0.6
148,14.1,1.7578395831246945,28.2,0.6
149,14.1,1.7578395831246945,28.2,0.6
150,14.0,1.5491933384829668,28.2,0.6
151,14.0,1.5491933384829668,28.2,0.6
152,14.0,1.5491933384829668,28.2,0.6
153,14.0,1.5491933384829668,28.2,0.6
154,14.0,1.5491933384829668,28.2,0.6
155,14.0,1.5491933384829668,28.2,0.6
156,14.0,1.5491933384829668,28.2,0.6
157,14.0,1.5491933384829668,28.2,0.6
158,14.0,1.5491933384829668,28.2,0.6
159,13.9,1.6401219466856725,28.2,0.6
160,13.9,1.6401219466856725,28.2,0.6
161,13.9,1.6401219466856725,28.2,0.6
162,13.9,1.6401219466856725,28.2,0.6
163,13.9,1.6401219466856725,28.2,0.6
164,13.9,1.6401219466856725,28.2,0.6
165,13.9,1.6401219466856725,28.2,0.6
166,13.8,1.5362291495737217,28.2,0.6
167,13.8,1.5362291495737217,28.2,0.6
168,13.8,1.5362291495737217,28.2,0.6
169,13.8,1.5362291495737217,28.2,0.6
170,13.8,1.5362291495737217,28.2,0.6
171,13.8,1.5362291495737217,28.2,0.6
172,13.8,1.5362291495737217,28.3,0.6403124237432849
173,13.8,1.5362291495737217,28.3,0.6403124237432849
174,13.6,1.4966629547095764,28.3,0.6403124237432849
175,13.6,1.4966629547095764,28.3,0.6403124237432849
176,13.6,1.4966629547095764,28.4,0.66332495807108
177,13.6,1.4966629547095764,28.4,0.66332495807108
178,13.5,1.4317821063276353,28.4,0.66332495807108
179,13.5,1.4317821063276353,28.4,0.66332495807108
180,13.5,1.4317821063276353,28.5,0.6708203932499369
181,13.3,1.6155494421403513,28.5,0.6708203932499369
182,13.3,1.6155494421403513,28.5,0.6708203932499369
183,13.2,1.5362291495737217,28.6,0.66332495807108
184,13.1,1.7,28.6,0.66332495807108
185,13.1,1.7,28.6,0.66332495807108
186,13.1,1.7,28.6,0.66332495807108
187,13.1,1.7,28.6,0.66332495807108
188,13.1,1.7,28.6,0.66332495807108
189,13.1,1.7,28.6,0.66332495807108
190,13.1,1.7,28.6,0.66332495807108
191,13.0,1.7888543819998317,28.6,0.66332495807108
192,13.0,1.7888543819998317,28.6,0.66332495807108
193,13.0,1.7888543819998317,28.6,0.66332495807108
194,13.0,1.7888543819998317,28.6,0.66332495807108
195,13.0,1.7888543819998317,28.7,0.45825756949558394
196,13.0,1.7888543819998317,28.7,0.45825756949558394
197,13.0,1.7888543819998317,28.7,0.45825756949558394
198,13.0,1.7888543819998317,28.7,0.45825756949558394
199,13.0,1.7888543819998317,28.7,0.45825756949558394
200,12.9,1.7,28.7,0.45825756949558394
201,12.9,1.7,28.7,0.45825756949558394
202,12.9,1.7,28.7,0.45825756949558394
203,12.9,1.7,28.7,0.45825756949558394
204,12.8,1.5362291495737217,28.7,0.45825756949558394
205,12.8,1.5362291495737217,28.7,0.45825756949558394
206,12.8,1.5362291495737217,28.7,0.45825756949558394
207,12.8,1.5362291495737217,28.7,0.45825756949558394
208,12.7,1.4177446878757827,28.7,0.45825756949558394
209,12.7,1.4177446878757827,28.7,0.45825756949558394
210,12.7,1.4177446878757827,28.7,0.45825756949558394
211,12.7,1.4177446878757827,28.7,0.45825756949558394
212,12.5,1.3601470508735443,28.8,0.4
213,12.3,1.4177446878757827,28.8,0.4
214,12.3,1.4177446878757827,28.8,0.4
215,12.0,1.4142135623730951,28.8,0.4
216,11.9,1.5132745950421556,28.8,0.4
217,11.8,1.6,28.8,0.4
218,11.8,1.6,28.8,0.4
219,11.8,1.6,28.8,0.4
220,11.8,1.6,28.8,0.4
221,11.8,1.6,28.8,0.4
222,11.8,1.6,28.8,0.4
223,11.7,1.7349351572897473,28.8,0.4
224,11.7,1.7349351572897473,28.8,0.4
225,11.7,1.7349351572897473,28.8,0.4
226,11.7,1.7349351572897473,28.8,0.4
227,11.7,1.7349351572897473,28.8,0.4
228,11.7,1.7349351572897473,28.8,0.4
229,11.7,1.7349351572897473,28.8,0.4
230,11.7,1.7349351572897473,28.8,0.4
231,11.7,1.7349351572897473,28.8,0.4
232,11.7,1.7349351572897473,28.8,0.4
233,11.6,1.7435595774162693,28.8,0.4
234,11.6,1.7435595774162693,28.8,0.4
235,11.6,1.7435595774162693,28.8,0.4
236,11.6,1.7435595774162693,28.8,0.4
237,11.5,1.6278820596099706,28.8,0.4
238,11.5,1.6278820596099706,28.8,0.4
239,11.5,1.6278820596099706,28.8,0.4
240,11.5,1.6278820596099706,28.8,0.4
241,11.5,1.6278820596099706,28.8,0.4
242,11.5,1.6278820596099706,28.8,0.4
243,11.3,1.4177446878757827,28.8,0.4
244,11.3,1.4177446878757827,28.8,0.4
245,11.3,1.4177446878757827,28.8,0.4
246,11.3,1.4177446878757827,28.8,0.4
247,11.3,1.4177446878757827,28.8,0.4
248,11.2,1.5362291495737217,28.8,0.4
249,11.2,1.5362291495737217,28.8,0.4
250,11.2,1.5362291495737217,28.8,0.4
251,11.2,1.5362291495737217,28.8,0.4
252,11.2,1.5362291495737217,28.8,0.4
253,11.2,1.5362291495737217,28.8,0.4
254,11.1,1.5132745950421556,28.8,0.4
255,11.0,1.3416407864998738,28.8,0.4
256,11.0,1.3416407864998738,28.9,0.3
257,10.9,1.374772708486752,28.9,0.3
258,10.9,1.374772708486752,28.9,0.3
259,10.9,1.374772708486752,28.9,0.3
260,10.9,1.374772708486752,28.9,0.3
261,10.9,1.374772708486752,28.9,0.3
262,10.9,1.374772708486752,28.9,0.3
263,10.9,1.374772708486752,28.9,0.3
264,10.9,1.374772708486752,28.9,0.3
265,10.8,1.2489995996796797,28.9,0.3
266,10.8,1.2489995996796797,28.9,0.3
267,10.8,1.2489995996796797,28.9,0.3
268,10.8,1.2489995996796797,28.9,0.3
269,10.8,1.2489995996796797,28.9,0.3
270,10.8,1.2489995996796797,28.9,0.3
271,10.8,1.2489995996796797,28.9,0.3
272,10.7,1.3453624047073711,28.9,0.3
273,10.7,1.3453624047073711,28.9,0.3
274,10.7,1.3453624047073711,28.9,0.3
275,10.7,1.3453624047073711,28.9,0.3
276,10.7,1.3453624047073711,28.9,0.3
277,10.7,1.3453624047073711,28.9,0.3
278,10.7,1.3453624047073711,28.9,0.3
279,10.7,1.3453624047073711,28.9,0.3
280,10.7,1.3453624047073711,28.9,0.3
281,10.7,1.3453624047073711,28.9,0.3
282,10.7,1.3453624047073711,28.9,0.3
283,10.7,1.3453624047073711,28.9,0.3
284,10.7,1.3453624047073711,28.9,0.3
285,10.7,1.3453624047073711,28.9,0.3
286,10.7,1.3453624047073711,28.9,0.3
287,10.6,1.2,28.9,0.3
288,10.6,1.2,28.9,0.3
289,10.6,1.2,28.9,0.3
290,10.5,1.118033988749895,28.9,0.3
291,10.5,1.118033988749895,28.9,0.3
292,10.5,1.118033988749895,28.9,0.3
293,10.5,1.118033988749895,28.9,0.3
294,10.5,1.118033988749895,28.9,0.3
295,10.5,1.118033988749895,28.9,0.3
296,10.5,1.118033988749895,28.9,0.3
297,10.5,1.118033988749895,28.9,0.3
298,10.5,1.118033988749895,28.9,0.3
299,10.5,1.118033988749895,29.0,0.0
300,10.5,1.118033988749895,29.0,0.0
301,10.5,1.118033988749895,29.0,0.0
302,10.5,1.118033988749895,29.0,0.0
303,10.5,1.118033988749895,29.0,0.0
304,10.5,1.118033988749895,29.0,0.0
305,10.5,1.118033988749895,29.0,0.0
306,10.5,1.118033988749895,29.0,0.0
307,10.4,1.2,29.0,0.0
308,10.4,1.2,29.0,0.0
309,10.4,1.2,29.0,0.0
310,10.4,1.2,29.0,0.0
311,10.4,1.2,29.0,0.0
312,10.3,1.3453624047073711,29.0,0.0
313,10.3,1.3453624047073711,29.0,0.0
314,10.3,1.3453624047073711,29.0,0.0
315,10.3,1.3453624047073711,29.0,0.0
316,10.3,1.3453624047073711,29.0,0.0
317,10.3,1.3453624047073711,29.0,0.0
318,10.3,1.3453624047073711,29.0,0.0
319,10.3,1.3453624047073711,29.0,0.0
320,10.2,1.5362291495737215,29.0,0.0
321,10.1,1.5132745950421556,29.0,0.0
322,10.1,1.5132745950421556,29.0,0.0
323,10.1,1.5132745950421556,29.0,0.0
324,10.1,1.5132745950421556,29.0,0.0
325,10.1,1.5132745950421556,29.0,0.0
326,10.1,1.5132745950421556,29.0,0.0
327,10.0,1.61245154965971,29.0,0.0
328,10.0,1.61245154965971,29.0,0.0
329,9.8,1.6,29.0,0.0
330,9.8,1.6,29.0,0.0
331,9.8,1.6,29.0,0.0
332,9.8,1.6,29.0,0.0
333,9.8,1.6,29.0,0.0
334,9.7,1.7349351572897473,29.0,0.0
335,9.7,1.7349351572897473,29.0,0.0
336,9.7,1.7349351572897473,29.0,0.0
337,9.6,1.6852299546352716,29.0,0.0
338,9.6,1.6852299546352716,29.0,0.0
339,9.6,1.6852299546352716,29.0,0.0
340,9.6,1.6852299546352716,29.0,0.0
341,9.5,1.6881943016134133,29.0,0.0
342,9.5,1.6881943016134133,29.0,0.0
343,9.5,1.6881943016134133,29.0,0.0
344,9.5,1.6881943016134133,29.0,0.0
345,9.5,1.6881943016134133,29.0,0.0
346,9.5,1.6881943016134133,29.0,0.0
347,9.5,1.6881943016134133,29.0,0.0
348,9.4,1.7435595774162693,29.0,0.0
349,9.4,1.7435595774162693,29.0,0.0
350,9.4,1.7435595774162693,29.0,0.0
351,9.4,1.7435595774162693,29.0,0.0
352,9.4,1.7435595774162693,29.0,0.0
353,9.4,1.7435595774162693,29.0,0.0
354,9.4,1.7435595774162693,29.0,0.0
355,9.4,1.7435595774162693,29.0,0.0
356,9.4,1.7435595774162693,29.0,0.0
357,9.4,1.7435595774162693,29.0,0.0
358,9.4,1.7435595774162693,29.0,0.0
359,9.4,1.7435595774162693,29.0,0.0
360,9.4,1.7435595774162693,29.0,0.0
361,9.3,1.8466185312619388,29.0,0.0
362,9.3,1.8466185312619388,29.0,0.0
363,9.3,1.8466185312619388,29.0,0.0
364,9.3,1.8466185312619388,29.0,0.0
365,9.3,1.8466185312619388,29.0,0.0
366,9.3,1.8466185312619388,29.0,0.0
367,9.3,1.8466185312619388,29.0,0.0
368,9.3,1.8466185312619388,29.0,0.0
369,9.3,1.8466185312619388,29.0,0.0
370,9.3,1.8466185312619388,29.0,0.0
371,9.3,1.8466185312619388,29.0,0.0
372,9.2,1.7204650534085253,29.0,0.0
373,9.2,1.7204650534085253,29.0,0.0
374,9.2,1.7204650534085253,29.0,0.0
375,9.2,1.7204650534085253,29.0,0.0
376,9.1,1.7578395831246945,29.0,0.0
377,9.1,1.7578395831246945,29.0,0.0
378,9.1,1.7578395831246945,29.0,0.0
379,9.1,1.7578395831246945,29.0,0.0
380,9.1,1.7578395831246945,29.0,0.0
381,9.1,1.7578395831246945,29.0,0.0
382,9.1,1.7578395831246945,29.0,0.0
383,9.1,1.7578395831246945,29.0,0.0
384,9.0,1.7320508075688772,29.0,0.0
385,9.0,1.7320508075688772,29.0,0.0
386,9.0,1.7320508075688772,29.0,0.0
387,9.0,1.7320508075688772,29.0,0.0
388,9.0,1.7320508075688772,29.0,0.0
389,9.0,1.7320508075688772,29.0,0.0
390,9.0,1.7320508075688772,29.0,0.0
391,9.0,1.7320508075688772,29.0,0.0
392,9.0,1.7320508075688772,29.0,0.0
393,8.9,1.7578395831246945,29.0,0.0
394,8.8,1.8867962264113207,29.0,0.0
395,8.8,1.8867962264113207,29.0,0.0
396,8.8,1.8867962264113207,29.0,0.0
397,8.7,2.0024984394500787,29.0,0.0
398,8.7,2.0024984394500787,29.0,0.0
399,8.7,2.0024984394500787,29.0,0.0
400,8.7,2.0024984394500787,29.0,0.0
401,8.5,1.746424919657298,29.0,0.0
402,8.5,1.746424919657298,29.0,0.0
403,8.5,1.746424919657298,29.0,0.0
404,8.5,1.746424919657298,29.0,0.0
405,8.5,1.746424919657298,29.0,0.0
406,8.5,1.746424919657298,29.0,0.0
407,8.5,1.746424919657298,29.0,0.0
408,8.5,1.746424919657298,29.0,0.0
409,8.5,1.746424919657298,29.0,0.0
410,8.5,1.746424919657298,29.0,0.0
411,8.5,1.746424919657298,29.0,0.0
412,8.5,1.746424919657298,29.0,0.0
413,8.5,1.746424919657298,29.0,0.0
414,8.5,1.746424919657298,29.0,0.0
415,8.5,1.746424919657298,29.0,0.0
416,8.5,1.746424919657298,29.0,0.0
417,8.5,1.746424919657298,29.0,0.0
418,8.5,1.746424919657298,29.0,0.0
419,8.5,1.746424919657298,29.0,0.0
420,8.5,1.746424919657298,29.0,0.0
421,8.5,1.746424919657298,29.0,0.0
422,8.5,1.746424919657298,29.0,0.0
423,8.5,1.746424919657298,29.0,0.0
424,8.5,1.746424919657298,29.0,0.0
425,8.5,1.746424919657298,29.0,0.0
426,8.5,1.746424919657298,29.0,0.0
427,8.5,1.746424919657298,29.0,0.0
428,8.5,1.746424919657298,29.0,0.0
429,8.5,1.746424919657298,29.0,0.0
430,8.5,1.746424919657298,29.0,0.0
431,8.5,1.746424919657298,29.0,0.0
432,8.5,1.746424919657298,29.0,0.0
433,8.4,1.8,29.0,0.0
434,8.4,1.8,29.0,0.0
435,8.3,1.9519221295943134,29.0,0.0
436,8.2,1.98997487421324,29.0,0.0
437,8.2,1.98997487421324,29.0,0.0
438,8.2,1.98997487421324,29.0,0.0
439,8.2,1.98997487421324,29.0,0.0
440,8.2,1.98997487421324,29.0,0.0
441,8.2,1.98997487421324,29.0,0.0
442,8.2,1.98997487421324,29.0,0.0
443,8.2,1.98997487421324,29.0,0.0
444,8.2,1.98997487421324,29.0,0.0
445,8.2,1.98997487421324,29.0,0.0
446,8.1,2.1656407827707715,29.0,0.0
447,8.1,2.1656407827707715,29.0,0.0
448,8.1,2.1656407827707715,29.0,0.0
449,8.1,2.1656407827707715,29.0,0.0
450,8.1,2.1656407827707715,29.0,0.0
451,8.1,2.1656407827707715,29.0,0.0
452,8.1,2.1656407827707715,29.0,0.0
453,8.1,2.1656407827707715,29.0,0.0
454,8.1,2.1656407827707715,29.0,0.0
455,8.1,2.1656407827707715,29.0,0.0
456,8.1,2.1656407827707715,29.0,0.0
457,8.1,2.1656407827707715,29.0,0.0
458,8.0,2.1447610589527217,29.0,0.0
459,8.0,2.1447610589527217,29.0,0.0
460,8.0,2.1447610589527217,29.0,0.0
461,8.0,2.1447610589527217,29.0,0.0
462,8.0,2.1447610589527217,29.0,0.0
463,8.0,2.1447610589527217,29.0,0.0
464,8.0,2.1447610589527217,29.0,0.0
465,8.0,2.1447610589527217,29.0,0.0
466,8.0,2.1447610589527217,29.0,0.0
467,8.0,2.1447610589527217,29.0,0.0
468,8.0,2.1447610589527217,29.0,0.0
469,8.0,2.1447610589527217,29.0,0.0
470,8.0,2.1447610589527217,29.0,0.0
471,8.0,2.1447610589527217,29.0,0.0
472,8.0,2.1447610589527217,29.0,0.0
473,8.0,2.1447610589527217,29.0,0.0
474,8.0,2.1447610589527217,29.0,0.0
475,8.0,2.1447610589527217,29.0,0.0
476,8.0,2.1447610589527217,29.0,0.0
477,8.0,2.1447610589527217,29.0,0.0
478,8.0,2.1447610589527217,29.0,0.0
479,8.0,2.1447610589527217,29.0,0.0
480,8.0,2.1447610589527217,29.0,0.0
481,8.0,2.1447610589527217,29.0,0.0
482,7.9,2.0223748416156684,29.0,0.0
483,7.9,2.0223748416156684,29.0,0.0
484,7.9,2.0223748416156684,29.0,0.0
485,7.9,2.0223748416156684,29.0,0.0
486,7.9,2.0223748416156684,29.0,0.0
487,7.9,2.0223748416156684,29.0,0.0
488,7.8,2.039607805437114,29.0,0.0
489,7.8,2.039607805437114,29.0,0.0
490,7.8,2.039607805437114,29.0,0.0
491,7.8,2.039607805437114,29.0,0.0
492,7.7,2.0024984394500787,29.0,0.0
493,7.7,2.0024984394500787,29.0,0.0
494,7.7,2.0024984394500787,29.0,0.0
495,7.6,1.9078784028338913,29.0,0.0
496,7.6,1.9078784028338913,29.0,0.0
497,7.6,1.9078784028338913,29.0,0.0
498,7.5,1.91049731745428,29.0,0.0
499,7.5,1.91049731745428,29.0,0.0
500,7.5,1.91049731745428,29.0,0.0
501,7.5,1.91049731745428,29.0,0.0
502,7.4,1.8,29.0,0.0
503,7.4,1.8,29.0,0.0
504,7.4,1.8,29.0,0.0
505,7.4,1.8,29.0,0.0
506,7.4,1.8,29.0,0.0
507,7.4,1.8,29.0,0.0
508,7.4,1.8,29.0,0.0
509,7.4,1.8,29.0,0.0
510,7.4,1.8,29.0,0.0
511,7.3,1.6155494421403511,29.0,0.0
512,7.3,1.6155494421403511,29.0,0.0
513,7.3,1.6155494421403511,29.0,0.0
514,7.3,1.6155494421403511,29.0,0.0
515,7.3,1.6155494421403511,29.0,0.0
516,7.3,1.6155494421403511,29.0,0.0
517,7.3,1.6155494421403511,29.0,0.0
518,7.2,1.661324772583615,29.0,0.0
519,7.2,1.661324772583615,29.0,0.0
520,7.2,1.661324772583615,29.0,0.0
521,7.2,1.661324772583615,29.0,0.0
522,7.2,1.661324772583615,29.0,0.0
523,7.2,1.661324772583615,29.0,0.0
524,7.2,1.661324772583615,29.0,0.0
525,7.2,1.661324772583615,29.0,0.0
526,7.2,1.661324772583615,29.0,0.0
527,7.2,1.661324772583615,29.0,0.0
528,7.2,1.661324772583615,29.0,0.0
529,7.2,1.661324772583615,29.0,0.0
530,7.2,1.661324772583615,29.0,0.0
531,7.2,1.661324772583615,29.0,0.0
532,7.2,1.661324772583615,29.0,0.0
533,7.2,1.661324772583615,29.0,0.0
534,7.2,1.661324772583615,29.0,0.0
535,7.2,1.661324772583615,29.0,0.0
536,7.2,1.661324772583615,29.0,0.0
537,7.2,1.661324772583615,29.0,0.0
538,7.2,1.661324772583615,29.0,0.0
539,7.2,1.661324772583615,29.0,0.0
540,7.2,1.661324772583615,29.0,0.0
541,7.2,1.661324772583615,29.0,0.0
542,7.2,1.661324772583615,29.0,0.0
543,7.2,1.661324772583615,29.0,0.0
544,7.2,1.661324772583615,29.0,0.0
545,7.2,1.661324772583615,29.0,0.0
546,7.2,1.661324772583615,29.0,0.0
547,7.2,1.661324772583615,29.0,0.0
548,7.2,1.661324772583615,29.0,0.0
549,7.2,1.661324772583615,29.0,0.0
550,7.2,1.661324772583615,29.0,0.0
551,7.2,1.661324772583615,29.0,0.0
552,7.2,1.661324772583615,29.0,0.0
553,7.2,1.661324772583615,29.0,0.0
554,7.2,1.661324772583615,29.0,0.0
555,7.2,1.661324772583615,29.0,0.0
556,7.2,1.661324772583615,29.0,0.0
557,7.2,1.661324772583615,29.0,0.0
558,7.2,1.661324772583615,29.0,0.0
559,7.2,1.661324772583615,29.0,0.0
560,7.2,1.661324772583615,29.0,0.0
561,7.2,1.661324772583615,29.0,0.0
562,7.2,1.661324772583615,29.0,0.0
563,7.2,1.661324772583615,29.0,0.0
564,7.2,1.661324772583615,29.0,0.0
565,7.2,1.661324772583615,29.0,0.0
566,7.2,1.661324772583615,29.0,0.0
567,7.2,1.661324772583615,29.0,0.0
568,7.2,1.661324772583615,29.0,0.0
569,7.2,1.661324772583615,29.0,0.0
570,7.2,1.661324772583615,29.0,0.0
571,7.2,1.661324772583615,29.0,0.0
572,7.2,1.661324772583615,29.0,0.0
573,7.2,1.661324772583615,29.0,0.0
574,7.2,1.661324772583615,29.0,0.0
575,7.2,1.661324772583615,29.0,0.0
576,7.2,1.661324772583615,29.0,0.0
577,7.2,1.661324772583615,29.0,0.0
578,7.2,1.661324772583615,29.0,0.0
579,7.2,1.661324772583615,29.0,0.0
580,7.2,1.661324772583615,29.0,0.0
581,7.2,1.661324772583615,29.0,0.0
582,7.2,1.661324772583615,29.0,0.0
583,7.2,1.661324772583615,29.0,0.0
584,7.2,1.661324772583615,29.0,0.0
585,7.2,1.661324772583615,29.0,0.0
586,7.2,1.661324772583615,29.0,0.0
587,7.2,1.661324772583615,29.0,0.0
588,7.2,1.661324772583615,29.0,0.0
589,7.2,1.661324772583615,29.0,0.0
590,7.2,1.661324772583615,29.0,0.0
591,7.2,1.661324772583615,29.0,0.0
592,7.2,1.661324772583615,29.0,0.0
593,7.2,1.661324772583615,29.0,0.0
594,7.1,1.57797338380595,29.0,0.0
595,7.1,1.57797338380595,29.0,0.0
596,7.1,1.57797338380595,29.0,0.0
597,7.1,1.57797338380595,29.0,0.0
598,7.1,1.57797338380595,29.0,0.0
599,7.1,1.57797338380595,29.0,0.0
600,7.1,1.57797338380595,29.0,0.0
601,7.0,1.4142135623730951,29.0,0.0
602,7.0,1.4142135623730951,29.0,0.0
603,7.0,1.4142135623730951,29.0,0.0
604,6.9,1.374772708486752,29.0,0.0
605,6.8,1.4000000000000001,29.0,0.0
606,6.8,1.4000000000000001,29.0,0.0
607,6.8,1.4000000000000001,29.0,0.0
608,6.8,1.4000000000000001,29.0,0.0
609,6.8,1.4000000000000001,29.0,0.0
610,6.8,1.4000000000000001,29.0,0.0
611,6.8,1.4000000000000001,29.0,0.0
612,6.8,1.4000000000000001,29.0,0.0
613,6.8,1.4000000000000001,29.0,0.0
614,6.8,1.4000000000000001,29.0,0.0
615,6.8,1.4000000000000001,29.0,0.0
616,6.8,1.4000000000000001,29.0,0.0
617,6.6,1.4966629547095764,29.0,0.0
618,6.5,1.5,29.0,0.0
619,6.5,1.5,29.0,0.0
620,6.5,1.5,29.0,0.0
621,6.5,1.5,29.0,0.0
622,6.5,1.5,29.0,0.0
623,6.5,1.5,29.0,0.0
624,6.5,1.5,29.0,0.0
625,6.5,1.5,29.0,0.0
626,6.4,1.3564659966250536,29.0,0.0
627,6.4,1.3564659966250536,29.0,0.0
628,6.4,1.3564659966250536,29.0,0.0
629,6.4,1.3564659966250536,29.0,0.0
630,6.4,1.3564659966250536,29.0,0.0
631,6.4,1.3564659966250536,29.0,0.0
632,6.4,1.3564659966250536,29.0,0.0
633,6.4,1.3564659966250536,29.0,0.0
634,6.4,1.3564659966250536,29.0,0.0
635,6.4,1.3564659966250536,29.0,0.0
636,6.4,1.3564659966250536,29.0,0.0
637,6.4,1.3564659966250536,29.0,0.0
638,6.4,1.3564659966250536,29.0,0.0
639,6.4,1.3564659966250536,29.0,0.0
640,6.4,1.3564659966250536,29.0,0.0
641,6.4,1.3564659966250536,29.0,0.0
642,6.4,1.3564659966250536,29.0,0.0
643,6.4,1.3564659966250536,29.0,0.0
644,6.4,1.3564659966250536,29.0,0.0
645,6.4,1.3564659966250536,29.0,0.0
646,6.4,1.3564659966250536,29.0,0.0
647,6.4,1.3564659966250536,29.0,0.0
648,6.4,1.3564659966250536,29.0,0.0
649,6.4,1.3564659966250536,29.0,0.0
650,6.4,1.3564659966250536,29.0,0.0
651,6.4,1.3564659966250536,29.0,0.0
652,6.4,1.3564659966250536,29.0,0.0
653,6.4,1.3564659966250536,29.0,0.0
654,6.4,1.3564659966250536,29.0,0.0
655,6.4,1.3564659966250536,29.0,0.0
656,6.4,1.3564659966250536,29.0,0.0
657,6.4,1.3564659966250536,29.0,0.0
658,6.4,1.3564659966250536,29.0,0.0
659,6.4,1.3564659966250536,29.0,0.0
660,6.4,1.3564659966250536,29.0,0.0
661,6.3,1.2688577540449522,29.0,0.0
662,6.3,1.2688577540449522,29.0,0.0
663,6.3,1.2688577540449522,29.0,0.0
664,6.3,1.2688577540449522,29.0,0.0
665,6.3,1.2688577540449522,29.0,0.0
666,6.2,1.2489995996796797,29.0,0.0
667,6.2,1.2489995996796797,29.0,0.0
668,6.2,1.2489995996796797,29.0,0.0
669,6.2,1.2489995996796797,29.0,0.0
670,6.2,1.2489995996796797,29.0,0.0
671,6.2,1.2489995996796797,29.0,0.0
672,6.2,1.2489995996796797,29.0,0.0
673,6.2,1.2489995996796797,29.0,0.0
674,6.2,1.2489995996796797,29.0,0.0
675,6.2,1.2489995996796797,29.0,0.0
676,6.2,1.2489995996796797,29.0,0.0
677,6.2,1.2489995996796797,29.0,0.0
678,6.1,1.0440306508910548,29.0,0.0
679,6.1,1.0440306508910548,29.0,0.0
680,6.1,1.0440306508910548,29.0,0.0
681,6.1,1.0440306508910548,29.0,0.0
682,6.1,1.0440306508910548,29.0,0.0
683,6.1,1.0440306508910548,29.0,0.0
684,6.1,1.0440306508910548,29.0,0.0
685,6.1,1.0440306508910548,29.0,0.0
686,6.1,1.0440306508910548,29.0,0.0
687,6.1,1.0440306508910548,29.0,0.0
688,6.1,1.0440306508910548,29.0,0.0
689,6.1,1.0440306508910548,29.0,0.0
690,6.1,1.0440306508910548,29.0,0.0
691,6.1,1.0440306508910548,29.0,0.0
692,6.1,1.0440306508910548,29.0,0.0
693,6.1,1.0440306508910548,29.0,0.0
694,6.1,1.0440306508910548,29.0,0.0
695,6.1,1.0440306508910548,29.0,0.0
696,6.1,1.0440306508910548,29.0,0.0
697,6.1,1.0440306508910548,29.0,0.0
698,6.1,1.0440306508910548,29.0,0.0
699,6.1,1.0440306508910548,29.0,0.0
700,6.1,1.0440306508910548,29.0,0.0
701,6.1,1.0440306508910548,29.0,0.0
702,6.1,1.0440306508910548,29.0,0.0
703,6.1,1.0440306508910548,29.0,0.0
704,6.1,1.0440306508910548,29.0,0.0
705,6.1,1.0440306508910548,29.0,0.0
706,6.1,1.0440306508910548,29.0,0.0
707,6.1,1.0440306508910548,29.0,0.0
708,6.1,1.0440306508910548,29.0,0.0
709,6.1,1.0440306508910548,29.0,0.0
710,6.1,1.0440306508910548,29.0,0.0
711,6.1,1.0440306508910548,29.0,0.0
712,6.1,1.0440306508910548,29.0,0.0
713,6.1,1.0440306508910548,29.0,0.0
714,6.1,1.0440306508910548,29.0,0.0
715,6.1,1.0440306508910548,29.0,0.0
716,6.1,1.0440306508910548,29.0,0.0
717,6.1,1.0440306508910548,29.0,0.0
718,6.1,1.0440306508910548,29.0,0.0
719,6.1,1.0440306508910548,29.0,0.0
720,6.1,1.0440306508910548,29.0,0.0
721,6.1,1.0440306508910548,29.0,0.0
722,6.1,1.0440306508910548,29.0,0.0
723,6.1,1.0440306508910548,29.0,0.0
724,6.1,1.0440306508910548,29.0,0.0
725,6.0,1.0,29.0,0.0
726,6.0,1.0,29.0,0.0
727,6.0,1.0,29.0,0.0
728,6.0,1.0,29.0,0.0
729,6.0,1.0,29.0,0.0
730,6.0,1.0,29.0,0.0
731,6.0,1.0,29.0,0.0
732,6.0,1.0,29.0,0.0
733,5.9,1.0440306508910548,29.0,0.0
734,5.9,1.0440306508910548,29.0,0.0
735,5.9,1.0440306508910548,29.0,0.0
736,5.9,1.0440306508910548,29.0,0.0
737,5.9,1.0440306508910548,29.0,0.0
738,5.9,1.0440306508910548,29.0,0.0
739,5.8,1.16619037896906,29.0,0.0
740,5.7,1.004987562112089,29.0,0.0
741,5.7,1.004987562112089,29.0,0.0
742,5.7,1.004987562112089,29.0,0.0
743,5.7,1.004987562112089,29.0,0.0
744,5.7,1.004987562112089,29.0,0.0
745,5.7,1.004987562112089,29.0,0.0
746,5.7,1.004987562112089,29.0,0.0
747,5.7,1.004987562112089,29.0,0.0
748,5.7,1.004987562112089,29.0,0.0
749,5.7,1.004987562112089,29.0,0.0
750,5.7,1.004987562112089,29.0,0.0
751,5.7,1.004987562112089,29.0,0.0
752,5.7,1.004987562112089,29.0,0.0
753,5.7,1.004987562112089,29.0,0.0
754,5.5,1.118033988749895,29.0,0.0
755,5.5,1.118033988749895,29.0,0.0
756,5.5,1.118033988749895,29.0,0.0
757,5.5,1.118033988749895,29.0,0.0
758,5.5,1.118033988749895,29.0,0.0
759,5.5,1.118033988749895,29.0,0.0
760,5.5,1.118033988749895,29.0,0.0
761,5.5,1.118033988749895,29.0,0.0
762,5.5,1.118033988749895,29.0,0.0
763,5.5,1.118033988749895,29.0,0.0
764,5.5,1.118033988749895,29.0,0.0
765,5.5,1.118033988749895,29.0,0.0
766,5.5,1.118033988749895,29.0,0.0
767,5.5,1.118033988749895,29.0,0.0
768,5.5,1.118033988749895,29.0,0.0
769,5.5,1.118033988749895,29.0,0.0
770,5.5,1.118033988749895,29.0,0.0
771,5.5,1.118033988749895,29.0,0.0
772,5.5,1.118033988749895,29.0,0.0
773,5.5,1.118033988749895,29.0,0.0
774,5.5,1.118033988749895,29.0,0.0
775,5.5,1.118033988749895,29.0,0.0
776,5.5,1.118033988749895,29.0,0.0
777,5.5,1.118033988749895,29.0,0.0
778,5.5,1.118033988749895,29.0,0.0
779,5.5,1.118033988749895,29.0,0.0
780,5.5,1.118033988749895,29.0,0.0
781,5.5,1.118033988749895,29.0,0.0
782,5.5,1.118033988749895,29.0,0.0
783,5.5,1.118033988749895,29.0,0.0
784,5.5,1.118033988749895,29.0,0.0
785,5.5,1.118033988749895,29.0,0.0
786,5.5,1.118033988749895,29.0,0.0
787,5.5,1.118033988749895,29.0,0.0
788,5.5,1.118033988749895,29.0,0.0
789,5.5,1.118033988749895,29.0,0.0
790,5.5,1.118033988749895,29.0,0.0
791,5.5,1.118033988749895,29.0,0.0
792,5.4,1.019803902718557,29.0,0.0
793,5.3,1.004987562112089,29.0,0.0
794,5.3,1.004987562112089,29.0,0.0
795,5.3,1.004987562112089,29.0,0.0
796,5.3,1.004987562112089,29.0,0.0
797,5.3,1.004987562112089,29.0,0.0
798,5.3,1.004987562112089,29.0,0.0
799,5.3,1.004987562112089,29.0,0.0
800,5.3,1.004987562112089,29.0,0.0
801,5.3,1.004987562112089,29.0,0.0
802,5.3,1.004987562112089,29.0,0.0
803,5.2,1.077032961426901,29.0,0.0
804,5.2,1.077032961426901,29.0,0.0
805,5.2,1.077032961426901,29.0,0.0
806,5.2,1.077032961426901,29.0,0.0
807,5.2,1.077032961426901,29.0,0.0
808,5.2,1.077032961426901,29.0,0.0
809,5.2,1.077032961426901,29.0,0.0
810,5.2,1.077032961426901,29.0,0.0
811,5.2,1.077032961426901,29.0,0.0
812,5.2,1.077032961426901,29.0,0.0
813,5.2,1.077032961426901,29.0,0.0
814,5.2,1.077032961426901,29.0,0.0
815,5.2,1.077032961426901,29.0,0.0
816,5.1,1.044030650891055,29.0,0.0
817,5.1,1.044030650891055,29.0,0.0
818,5.1,1.044030650891055,29.0,0.0
819,5.1,1.044030650891055,29.0,0.0
820,5.1,1.044030650891055,29.0,0.0
821,5.1,1.044030650891055,29.0,0.0
822,5.1,1.044030650891055,29.0,0.0
823,5.1,1.044030650891055,29.0,0.0
824,5.1,1.044030650891055,29.0,0.0
825,5.1,1.044030650891055,29.0,0.0
826,5.1,1.044030650891055,29.0,0.0
827,5.0,1.0954451150103321,29.0,0.0
828,5.0,1.0954451150103321,29.0,0.0
829,5.0,1.0954451150103321,29.0,0.0
830,5.0,1.0954451150103321,29.0,0.0
831,5.0,1.0954451150103321,29.0,0.0
832,5.0,1.0954451150103321,29.0,0.0
833,5.0,1.0954451150103321,29.0,0.0
834,5.0,1.0954451150103321,29.0,0.0
835,5.0,1.0954451150103321,29.0,0.0
836,5.0,1.0954451150103321,29.0,0.0
837,5.0,1.0954451150103321,29.0,0.0
838,5.0,1.0954451150103321,29.0,0.0
839,5.0,1.0954451150103321,29.0,0.0
840,5.0,1.0954451150103321,29.0,0.0
841,4.9,1.2206555615733703,29.0,0.0
842,4.9,1.2206555615733703,29.0,0.0
843,4.9,1.2206555615733703,29.0,0.0
844,4.9,1.2206555615733703,29.0,0.0
845,4.9,1.2206555615733703,29.0,0.0
846,4.9,1.2206555615733703,29.0,0.0
847,4.9,1.2206555615733703,29.0,0.0
848,4.9,1.2206555615733703,29.0,0.0
849,4.9,1.2206555615733703,29.0,0.0
850,4.8,1.1661903789690602,29.0,0.0
851,4.8,1.1661903789690602,29.0,0.0
852,4.8,1.1661903789690602,29.0,0.0
853,4.8,1.1661903789690602,29.0,0.0
854,4.8,1.1661903789690602,29.0,0.0
855,4.8,1.1661903789690602,29.0,0.0
856,4.8,1.1661903789690602,29.0,0.0
857,4.8,1.1661903789690602,29.0,0.0
858,4.8,1.1661903789690602,29.0,0.0
859,4.8,1.1661903789690602,29.0,0.0
860,4.8,1.1661903789690602,29.0,0.0
861,4.8,1.1661903789690602,29.0,0.0
862,4.8,1.1661903789690602,29.0,0.0
863,4.8,1.1661903789690602,29.0,0.0
864,4.8,1.1661903789690602,29.0,0.0
865,4.8,1.1661903789690602,29.0,0.0
866,4.8,1.1661903789690602,29.0,0.0
867,4.8,1.1661903789690602,29.0,0.0
868,4.8,1.1661903789690602,29.0,0.0
869,4.8,1.1661903789690602,29.0,0.0
870,4.8,1.1661903789690602,29.0,0.0
871,4.8,1.1661903789690602,29.0,0.0
872,4.8,1.1661903789690602,29.0,0.0
873,4.8,1.1661903789690602,29.0,0.0
874,4.8,1.1661903789690602,29.0,0.0
875,4.8,1.1661903789690602,29.0,0.0
876,4.8,1.1661903789690602,29.0,0.0
877,4.8,1.1661903789690602,29.0,0.0
878,4.8,1.1661903789690602,29.0,0.0
879,4.8,1.1661903789690602,29.0,0.0
880,4.8,1.1661903789690602,29.0,0.0
881,4.8,1.1661903789690602,29.0,0.0
882,4.8,1.1661903789690602,29.0,0.0
883,4.8,1.1661903789690602,29.0,0.0
884,4.7,1.004987562112089,29.0,0.0
885,4.7,1.004987562112089,29.0,0.0
886,4.7,1.004987562112089,29.0,0.0
887,4.7,1.004987562112089,29.0,0.0
888,4.7,1.004987562112089,29.0,0.0
889,4.6,0.9165151389911681,29.0,0.0
890,4.6,0.9165151389911681,29.0,0.0
891,4.6,0.9165151389911681,29.0,0.0
892,4.6,0.9165151389911681,29.0,0.0
893,4.6,0.9165151389911681,29.0,0.0
894,4.6,0.9165151389911681,29.0,0.0
895,4.6,0.9165151389911681,29.0,0.0
896,4.6,0.9165151389911681,29.0,0.0
897,4.6,0.9165151389911681,29.0,0.0
898,4.6,0.9165151389911681,29.0,0.0
899,4.6,0.9165151389911681,29.0,0.0
900,4.6,0.9165151389911681,29.0,0.0
901,4.6,0.9165151389911681,29.0,0.0
902,4.6,0.9165151389911681,29.0,0.0
903,4.6,0.9165151389911681,29.0,0.0
904,4.6,0.9165151389911681,29.0,0.0
905,4.6,0.9165151389911681,29.0,0.0
906,4.6,0.9165151389911681,29.0,0.0
907,4.5,1.02469507659596,29.0,0.0
908,4.5,1.02469507659596,29.0,0.0
909,4.5,1.02469507659596,29.0,0.0
910,4.5,1.02469507659596,29.0,0.0
911,4.5,1.02469507659596,29.0,0.0
912,4.5,1.02469507659596,29.0,0.0
913,4.5,1.02469507659596,29.0,0.0
914,4.5,1.02469507659596,29.0,0.0
915,4.5,1.02469507659596,29.0,0.0
916,4.4,0.9165151389911681,29.0,0.0
917,4.4,0.9165151389911681,29.0,0.0
918,4.4,0.9165151389911681,29.0,0.0
919,4.4,0.9165151389911681,29.0,0.0
920,4.4,0.9165151389911681,29.0,0.0
921,4.4,0.9165151389911681,29.0,0.0
922,4.4,0.9165151389911681,29.0,0.0
923,4.4,0.9165151389911681,29.0,0.0
924,4.4,0.9165151389911681,29.0,0.0
925,4.3,1.004987562112089,29.0,0.0
926,4.3,1.004987562112089,29.0,0.0
927,4.3,1.004987562112089,29.0,0.0
928,4.3,1.004987562112089,29.0,0.0
929,4.3,1.004987562112089,29.0,0.0
930,4.3,1.004987562112089,29.0,0.0
931,4.3,1.004987562112089,29.0,0.0
932,4.3,1.004987562112089,29.0,0.0
933,4.3,1.004987562112089,29.0,0.0
934,4.3,1.004987562112089,29.0,0.0
935,4.3,1.004987562112089,29.0,0.0
936,4.2,0.8717797887081347,29.0,0.0
937,4.2,0.8717797887081347,29.0,0.0
938,4.1,0.8306623862918076,29.0,0.0
939,4.1,0.8306623862918076,29.0,0.0
940,4.1,0.8306623862918076,29.0,0.0
941,4.1,0.8306623862918076,29.0,0.0
942,4.1,0.8306623862918076,29.0,0.0
943,4.1,0.8306623862918076,29.0,0.0
944,4.1,0.8306623862918076,29.0,0.0
945,4.1,0.8306623862918076,29.0,0.0
946,4.1,0.8306623862918076,29.0,0.0
947,4.1,0.8306623862918076,29.0,0.0
948,4.1,0.8306623862918076,29.0,0.0
949,4.1,0.8306623862918076,29.0,0.0
950,4.1,0.8306623862918076,29.0,0.0
951,4.1,0.8306623862918076,29.0,0.0
952,4.1,0.8306623862918076,29.0,0.0
953,4.1,0.8306623862918076,29.0,0.0
954,4.1,0.8306623862918076,29.0,0.0
955,4.1,0.8306623862918076,29.0,0.0
956,4.1,0.8306623862918076,29.0,0.0
957,4.1,0.8306623862918076,29.0,0.0
958,4.1,0.8306623862918076,29.0,0.0
959,4.1,0.8306623862918076,29.0,0.0
960,4.1,0.8306623862918076,29.0,0.0
961,4.1,0.8306623862918076,29.0,0.0
962,4.1,0.8306623862918076,29.0,0.0
963,4.1,0.8306623862918076,29.0,0.0
964,4.1,0.8306623862918076,29.0,0.0
965,4.1,0.8306623862918076,29.0,0.0
966,4.1,0.8306623862918076,29.0,0.0
967,4.1,0.8306623862918076,29.0,0.0
968,4.1,0.8306623862918076,29.0,0.0
969,4.1,0.8306623862918076,29.0,0.0
970,4.1,0.8306623862918076,29.0,0.0
971,4.1,0.8306623862918076,29.0,0.0
972,4.1,0.8306623862918076,29.0,0.0
973,4.1,0.8306623862918076,29.0,0.0
974,4.1,0.8306623862918076,29.0,0.0
975,4.1,0.8306623862918076,29.0,0.0
976,4.1,0.8306623862918076,29.0,0.0
977,4.1,0.8306623862918076,29.0,0.0
978,4.1,0.8306623862918076,29.0,0.0
979,4.1,0.8306623862918076,29.0,0.0
980,4.1,0.8306623862918076,29.0,0.0
981,4.1,0.8306623862918076,29.0,0.0
982,4.1,0.8306623862918076,29.0,0.0
983,4.1,0.8306623862918076,29.0,0.0
984,4.1,0.8306623862918076,29.0,0.0
985,4.1,0.8306623862918076,29.0,0.0
986,4.1,0.8306623862918076,29.0,0.0
987,4.1,0.8306623862918076,29.0,0.0
988,4.1,0.8306623862918076,29.0,0.0
989,4.1,0.8306623862918076,29.0,0.0
990,4.1,0.8306623862918076,29.0,0.0
991,4.1,0.8306623862918076,29.0,0.0
992,4.1,0.8306623862918076,29.0,0.0
993,4.1,0.8306623862918076,29.0,0.0
994,4.1,0.8306623862918076,29.0,0.0
995,4.1,0.8306623862918076,29.0,0.0
996,4.1,0.8306623862918076,29.0,0.0
997,4.0,0.7745966692414834,29.0,0.0
998,4.0,0.7745966692414834,29.0,0.0
999,4.0,0.7745966692414834,29.0,0.0
1000,4.0,0.7745966692414834,29.0,0.0
1001,4.0,0.7745966692414834,29.0,0.0
1002,4.0,0.7745966692414834,29.0,0.0
1003,4.0,0.7745966692414834,29.0,0.0
1004,4.0,0.7745966692414834,29.0,0.0
1005,4.0,0.7745966692414834,29.0,0.0
1006,4.0,0.7745966692414834,29.0,0.0
1007,4.0,0.7745966692414834,29.0,0.0
1008,4.0,0.7745966692414834,29.0,0.0
1009,4.0,0.7745966692414834,29.0,0.0
1010,4.0,0.7745966692414834,29.0,0.0
1011,4.0,0.7745966692414834,29.0,0.0
1012,4.0,0.7745966692414834,29.0,0.0
1013,4.0,0.7745966692414834,29.0,0.0
1014,4.0,0.7745966692414834,29.0,0.0
1015,4.0,0.7745966692414834,29.0,0.0
1016,4.0,0.7745966692414834,29.0,0.0
1017,4.0,0.7745966692414834,29.0,0.0
1018,4.0,0.7745966692414834,29.0,0.0
1019,4.0,0.7745966692414834,29.0,0.0
1020,4.0,0.7745966692414834,29.0,0.0
1021,4.0,0.7745966692414834,29.0,0.0
1022,4.0,0.7745966692414834,29.0,0.0
1023,4.0,0.7745966692414834,29.0,0.0
1024,4.0,0.7745966692414834,29.0,0.0
1025,4.0,0.7745966692414834,29.0,0.0
1026,4.0,0.7745966692414834,29.0,0.0
1027,4.0,0.7745966692414834,29.0,0.0
1028,4.0,0.7745966692414834,29.0,0.0
1029,3.9,0.8306623862918074,29.0,0.0
1030,3.9,0.8306623862918074,29.0,0.0
1031,3.9,0.8306623862918074,29.0,0.0
1032,3.9,0.8306623862918074,29.0,0.0
1033,3.9,0.8306623862918074,29.0,0.0
1034,3.9,0.8306623862918074,29.0,0.0
1035,3.8,0.7483314773547882,29.0,0.0
1036,3.8,0.7483314773547882,29.0,0.0
1037,3.8,0.7483314773547882,29.0,0.0
1038,3.7,0.7810249675906654,29.0,0.0
1039,3.7,0.7810249675906654,29.0,0.0
1040,3.7,0.7810249675906654,29.0,0.0
1041,3.7,0.7810249675906654,29.0,0.0
1042,3.7,0.7810249675906654,29.0,0.0
1043,3.7,0.7810249675906654,29.0,0.0
1044,3.7,0.7810249675906654,29.0,0.0
1045,3.7,0.7810249675906654,29.0,0.0
1046,3.7,0.7810249675906654,29.0,0.0
1047,3.7,0.7810249675906654,29.0,0.0
1048,3.7,0.7810249675906654,29.0,0.0
1049,3.7,0.7810249675906654,29.0,0.0
1050,3.7,0.7810249675906654,29.0,0.0
1051,3.7,0.7810249675906654,29.0,0.0
1052,3.7,0.7810249675906654,29.0,0.0
1053,3.7,0.7810249675906654,29.0,0.0
1054,3.7,0.7810249675906654,29.0,0.0
1055,3.7,0.7810249675906654,29.0,0.0
1056,3.7,0.7810249675906654,29.0,0.0
1057,3.7,0.7810249675906654,29.0,0.0
1058,3.7,0.7810249675906654,29.0,0.0
1059,3.7,0.7810249675906654,29.0,0.0
1060,3.7,0.7810249675906654,29.0,0.0
1061,3.7,0.7810249675906654,29.0,0.0
1062,3.7,0.7810249675906654,29.0,0.0
1063,3.7,0.7810249675906654,29.0,0.0
1064,3.7,0.7810249675906654,29.0,0.0
1065,3.7,0.7810249675906654,29.0,0.0
1066,3.7,0.7810249675906654,29.0,0.0
1067,3.7,0.7810249675906654,29.0,0.0
1068,3.7,0.7810249675906654,29.0,0.0
1069,3.7,0.7810249675906654,29.0,0.0
1070,3.7,0.7810249675906654,29.0,0.0
1071,3.7,0.7810249675906654,29.0,0.0
1072,3.7,0.7810249675906654,29.0,0.0
1073,3.7,0.7810249675906654,29.0,0.0
1074,3.7,0.7810249675906654,29.0,0.0
1075,3.7,0.7810249675906654,29.0,0.0
1076,3.7,0.7810249675906654,29.0,0.0
1077,3.7,0.7810249675906654,29.0,0.0
1078,3.7,0.7810249675906654,29.0,0.0
1079,3.7,0.7810249675906654,29.0,0.0
1080,3.7,0.7810249675906654,29.0,0.0
1081,3.7,0.7810249675906654,29.0,0.0
1082,3.7,0.7810249675906654,29.0,0.0
1083,3.7,0.7810249675906654,29.0,0.0
1084,3.7,0.7810249675906654,29.0,0.0
1085,3.7,0.7810249675906654,29.0,0.0
1086,3.7,0.7810249675906654,29.0,0.0
1087,3.7,0.7810249675906654,29.0,0.0
1088,3.7,0.7810249675906654,29.0,0.0
1089,3.7,0.7810249675906654,29.0,0.0
1090,3.7,0.7810249675906654,29.0,0.0
1091,3.7,0.7810249675906654,29.0,0.0
1092,3.7,0.7810249675906654,29.0,0.0
1093,3.7,0.7810249675906654,29.0,0.0
1094,3.7,0.7810249675906654,29.0,0.0
1095,3.7,0.7810249675906654,29.0,0.0
1096,3.7,0.7810249675906654,29.0,0.0
1097,3.7,0.7810249675906654,29.0,0.0
1098,3.6,0.8,29.0,0.0
1099,3.6,0.8,29.0,0.0
1100,3.6,0.8,29.0,0.0
1101,3.6,0.8,29.0,0.0
1102,3.6,0.8,29.0,0.0
1103,3.6,0.8,29.0,0.0
1104,3.5,0.806225774829855,29.0,0.0
1105,3.5,0.806225774829855,29.0,0.0
1106,3.5,0.806225774829855,29.0,0.0
1107,3.5,0.806225774829855,29.0,0.0
1108,3.5,0.806225774829855,29.0,0.0
1109,3.5,0.806225774829855,29.0,0.0
1110,3.5,0.806225774829855,29.0,0.0
1111,3.4,0.66332495807108,29.0,0.0
1112,3.4,0.66332495807108,29.0,0.0
1113,3.4,0.66332495807108,29.0,0.0
1114,3.4,0.66332495807108,29.0,0.0
1115,3.4,0.66332495807108,29.0,0.0
1116,3.4,0.66332495807108,29.0,0.0
1117,3.4,0.66332495807108,29.0,0.0
1118,3.4,0.66332495807108,29.0,0.0
1119,3.4,0.66332495807108,29.0,0.0
1120,3.4,0.66332495807108,29.0,0.0
1121,3.4,0.66332495807108,29.0,0.0
1122,3.4,0.66332495807108,29.0,0.0
1123,3.4,0.66332495807108,29.0,0.0
1124,3.4,0.66332495807108,29.0,0.0
1125,3.4,0.66332495807108,29.0,0.0
1126,3.4,0.66332495807108,29.0,0.0
1127,3.4,0.66332495807108,29.0,0.0
1128,3.4,0.66332495807108,29.0,0.0
1129,3.4,0.66332495807108,29.0,0.0
1130,3.3,0.6403124237432849,29.0,0.0
1131,3.3,0.6403124237432849,29.0,0.0
1132,3.3,0.6403124237432849,29.0,0.0
1133,3.3,0.6403124237432849,29.0,0.0
1134,3.3,0.6403124237432849,29.0,0.0
1135,3.3,0.6403124237432849,29.0,0.0
1136,3.3,0.6403124237432849,29.0,0.0
1137,3.3,0.6403124237432849,29.0,0.0
1138,3.3,0.6403124237432849,29.0,0.0
1139,3.3,0.6403124237432849,29.0,0.0
1140,3.3,0.6403124237432849,29.0,0.0
1141,3.3,0.6403124237432849,29.0,0.0
1142,3.3,0.6403124237432849,29.0,0.0
1143,3.3,0.6403124237432849,29.0,0.0
1144,3.3,0.6403124237432849,29.0,0.0
1145,3.3,0.6403124237432849,29.0,0.0
1146,3.3,0.6403124237432849,29.0,0.0
1147,3.3,0.6403124237432849,29.0,0.0
1148,3.3,0.6403124237432849,29.0,0.0
1149,3.3,0.6403124237432849,29.0,0.0
1150,3.3,0.6403124237432849,29.0,0.0
1151,3.3,0.6403124237432849,29.0,0.0
1152,3.3,0.6403124237432849,29.0,0.0
1153,3.3,0.6403124237432849,29.0,0.0
1154,3.3,0.6403124237432849,29.0,0.0
1155,3.3,0.6403124237432849,29.0,0.0
1156,3.3,0.6403124237432849,29.0,0.0
1157,3.3,0.6403124237432849,29.0,0.0
1158,3.3,0.6403124237432849,29.0,0.0
1159,3.3,0.6403124237432849,29.0,0.0
1160,3.3,0.6403124237432849,29.0,0.0
1161,3.3,0.6403124237432849,29.0,0.0
1162,3.3,0.6403124237432849,29.0,0.0
1163,3.3,0.6403124237432849,29.0,0.0
1164,3.3,0.6403124237432849,29.0,0.0
1165,3.3,0.6403124237432849,29.0,0.0
1166,3.3,0.6403124237432849,29.0,0.0
1167,3.3,0.6403124237432849,29.0,0.0
1168,3.3,0.6403124237432849,29.0,0.0
1169,3.3,0.6403124237432849,29.0,0.0
1170,3.3,0.6403124237432849,29.0,0.0
1171,3.3,0.6403124237432849,29.0,0.0
1172,3.3,0.6403124237432849,29.0,0.0
1173,3.3,0.6403124237432849,29.0,0.0
1174,3.3,0.6403124237432849,29.0,0.0
1175,3.3,0.6403124237432849,29.0,0.0
1176,3.3,0.6403124237432849,29.0,0.0
1177,3.3,0.6403124237432849,29.0,0.0
1178,3.3,0.6403124237432849,29.0,0.0
1179,3.3,0.6403124237432849,29.0,0.0
1180,3.3,0.6403124237432849,29.0,0.0
1181,3.3,0.6403124237432849,29.0,0.0
1182,3.3,0.6403124237432849,29.0,0.0
1183,3.3,0.6403124237432849,29.0,0.0
1184,3.3,0.6403124237432849,29.0,0.0
1185,3.2,0.6,29.0,0.0
1186,3.2,0.6,29.0,0.0
1187,3.2,0.6,29.0,0.0
1188,3.2,0.6,29.0,0.0
1189,3.2,0.6,29.0,0.0
1190,3.2,0.6,29.0,0.0
1191,3.2,0.6,29.0,0.0
1192,3.2,0.6,29.0,0.0
1193,3.2,0.6,29.0,0.0
1194,3.2,0.6,29.0,0.0
1195,3.2,0.6,29.0,0.0
1196,3.2,0.6,29.0,0.0
1197,3.2,0.6,29.0,0.0
1198,3.2,0.6,29.0,0.0
1199,3.2,0.6,29.0,0.0
1200,3.2,0.6,29.0,0.0
1201,3.2,0.6,29.0,0.0
1202,3.2,0.6,29.0,0.0
1203,3.2,0.6,29.0,0.0
1204,3.2,0.6,29.0,0.0
1205,3.2,0.6,29.0,0.0
1206,3.1,0.3,29.0,0.0
1207,3.1,0.3,29.0,0.0
1208,3.1,0.3,29.0,0.0
1209,3.1,0.3,29.0,0.0
1210,3.1,0.3,29.0,0.0
1211,3.1,0.3,29.0,0.0
1212,3.0,0.0,29.0,0.0
1213,3.0,0.0,29.0,0.0
1214,3.0,0.0,29.0,0.0
1215,3.0,0.0,29.0,0.0
1216,3.0,0.0,29.0,0.0
1217,3.0,0.0,29.0,0.0
1218,3.0,0.0,29.0,0.0
1219,3.0,0.0,29.0,0.0
1220,3.0,0.0,29.0,0.0
1221,3.0,0.0,29.0,0.0
1222,3.0,0.0,29.0,0.0
1223,3.0,0.0,29.0,0.0
1224,3.0,0.0,29.0,0.0
1225,3.0,0.0,29.0,0.0
