,Core genome (mean),Core genome (std),Pan genome (mean),Pan genome (std)
0,8.1,1.0440306508910548,8.1,1.0440306508910548
1,7.1,0.8306623862918074,8.6,0.9165151389911681
2,6.5,0.6708203932499369,9.3,0.9
3,6.3,0.7810249675906654,9.8,1.1661903789690602
4,6.1,0.7,10.3,1.1874342087037917
5,6.0,0.7745966692414834,10.6,1.3564659966250536
6,5.9,0.5385164807134504,10.7,1.2688577540449522
7,5.8,0.6,10.9,1.2206555615733703
8,5.6,0.4898979485566356,11.2,1.4000000000000001
9,5.6,0.4898979485566356,11.4,1.2806248474865698
10,5.6,0.4898979485566356,11.4,1.2806248474865698
11,5.6,0.4898979485566356,11.5,1.3601470508735443
12,5.6,0.4898979485566356,11.5,1.3601470508735443
13,5.6,0.4898979485566356,11.7,1.1874342087037917
14,5.6,0.4898979485566356,11.7,1.1874342087037917
15,5.6,0.4898979485566356,11.7,1.1874342087037917
16,5.5,0.5,11.7,1.1874342087037917
17,5.4,0.4898979485566356,11.7,1.1874342087037917
18,5.4,0.4898979485566356,12.0,0.8944271909999159
19,5.4,0.4898979485566356,12.1,1.0440306508910548
20,5.4,0.4898979485566356,12.1,1.0440306508910548
21,5.4,0.4898979485566356,12.2,1.16619037896906
22,5.4,0.4898979485566356,12.3,1.0999999999999999
23,5.4,0.4898979485566356,12.4,1.0198039027185568
24,5.4,0.4898979485566356,12.5,1.02469507659596
25,5.4,0.4898979485566356,12.5,1.02469507659596
26,5.4,0.4898979485566356,12.5,1.02469507659596
27,5.4,0.4898979485566356,12.5,1.02469507659596
28,5.4,0.4898979485566356,12.5,1.02469507659596
29,5.4,0.4898979485566356,12.5,1.02469507659596
30,5.4,0.4898979485566356,12.5,1.02469507659596
31,5.4,0.4898979485566356,12.6,0.9165151389911681
32,5.3,0.45825756949558405,12.6,0.9165151389911681
33,5.3,0.45825756949558405,12.6,0.9165151389911681
34,5.3,0.45825756949558405,12.6,0.9165151389911681
35,5.2,0.6,12.6,0.9165151389911681
36,5.2,0.6,12.6,0.9165151389911681
37,5.2,0.6,12.6,0.9165151389911681
38,5.0,0.4472135954999579,12.7,0.7810249675906655
39,4.9,0.3,12.7,0.7810249675906655
40,4.9,0.3,12.7,0.7810249675906655
41,4.9,0.3,12.7,0.7810249675906655
42,4.9,0.3,12.7,0.7810249675906655
43,4.9,0.3,12.7,0.7810249675906655
44,4.9,0.3,12.7,0.7810249675906655
45,4.9,0.3,12.7,0.7810249675906655
46,4.9,0.3,12.7,0.7810249675906655
47,4.9,0.3,12.7,0.7810249675906655
48,4.9,0.3,12.8,0.7483314773547883
49,4.9,0.3,12.8,0.7483314773547883
50,4.9,0.3,13.0,0.7745966692414834
51,4.9,0.3,13.0,0.7745966692414834
52,4.9,0.3,13.0,0.7745966692414834
53,4.9,0.3,13.0,0.7745966692414834
54,4.9,0.3,13.0,0.7745966692414834
55,4.9,0.3,13.0,0.7745966692414834
56,4.9,0.3,13.0,0.7745966692414834
57,4.9,0.3,13.1,0.8306623862918076
58,4.9,0.3,13.1,0.8306623862918076
59,4.9,0.3,13.1,0.8306623862918076
60,4.9,0.3,13.1,0.8306623862918076
61,4.9,0.3,13.1,0.8306623862918076
62,4.9,0.3,13.1,0.8306623862918076
63,4.9,0.3,13.1,0.8306623862918076
64,4.9,0.3,13.1,0.8306623862918076
65,4.9,0.3,13.1,0.8306623862918076
66,4.9,0.3,13.1,0.8306623862918076
67,4.9,0.3,13.1,0.8306623862918076
68,4.9,0.3,13.1,0.8306623862918076
69,4.9,0.3,13.3,0.6403124237432849
70,4.9,0.3,13.3,0.6403124237432849
71,4.9,0.3,13.4,0.4898979485566356
72,4.9,0.3,13.4,0.4898979485566356
73,4.9,0.3,13.4,0.4898979485566356
74,4.9,0.3,13.5,0.5
75,4.8,0.39999999999999997,13.5,0.5
76,4.8,0.39999999999999997,13.6,0.4898979485566356
77,4.8,0.39999999999999997,13.6,0.4898979485566356
78,4.8,0.39999999999999997,13.6,0.4898979485566356
79,4.8,0.39999999999999997,13.6,0.4898979485566356
80,4.8,0.39999999999999997,13.7,0.45825756949558394
81,4.8,0.39999999999999997,13.7,0.45825756949558394
82,4.8,0.39999999999999997,13.7,0.45825756949558394
83,4.8,0.39999999999999997,13.7,0.45825756949558394
84,4.8,0.39999999999999997,13.7,0.45825756949558394
85,4.8,0.39999999999999997,13.7,0.45825756949558394
86,4.8,0.39999999999999997,13.8,0.4
87,4.8,0.39999999999999997,13.8,0.4
88,4.8,0.39999999999999997,13.8,0.4
89,4.7,0.45825756949558405,13.8,0.4
90,4.7,0.45825756949558405,13.8,0.4
91,4.7,0.45825756949558405,13.8,0.4
92,4.7,0.45825756949558405,13.8,0.4
93,4.7,0.45825756949558405,13.8,0.4
94,4.7,0.45825756949558405,13.9,0.3
95,4.7,0.45825756949558405,14.0,0.0
96,4.7,0.45825756949558405,14.0,0.0
97,4.7,0.45825756949558405,14.0,0.0
98,4.7,0.45825756949558405,14.0,0.0
99,4.6,0.4898979485566356,14.0,0.0
100,4.6,0.4898979485566356,14.0,0.0
101,4.6,0.4898979485566356,14.0,0.0
102,4.6,0.4898979485566356,14.0,0.0
103,4.6,0.4898979485566356,14.0,0.0
104,4.6,0.4898979485566356,14.0,0.0
105,4.6,0.4898979485566356,14.0,0.0
106,4.6,0.4898979485566356,14.0,0.0
107,4.6,0.4898979485566356,14.0,0.0
108,4.6,0.4898979485566356,14.0,0.0
109,4.6,0.4898979485566356,14.0,0.0
110,4.6,0.4898979485566356,14.0,0.0
111,4.6,0.4898979485566356,14.0,0.0
112,4.6,0.4898979485566356,14.0,0.0
113,4.6,0.4898979485566356,14.0,0.0
114,4.6,0.4898979485566356,14.0,0.0
115,4.6,0.4898979485566356,14.0,0.0
116,4.6,0.4898979485566356,14.0,0.0
117,4.6,0.4898979485566356,14.0,0.0
118,4.6,0.4898979485566356,14.0,0.0
119,4.6,0.4898979485566356,14.0,0.0
120,4.6,0.4898979485566356,14.0,0.0
121,4.6,0.4898979485566356,14.0,0.0
122,4.6,0.4898979485566356,14.0,0.0
123,4.6,0.4898979485566356,14.0,0.0
124,4.6,0.4898979485566356,14.0,0.0
125,4.6,0.4898979485566356,14.0,0.0
126,4.6,0.4898979485566356,14.0,0.0
127,4.6,0.4898979485566356,14.0,0.0
128,4.6,0.4898979485566356,14.0,0.0
129,4.6,0.4898979485566356,14.0,0.0
130,4.6,0.4898979485566356,14.0,0.0
131,4.6,0.4898979485566356,14.0,0.0
132,4.6,0.4898979485566356,14.0,0.0
133,4.5,0.5,14.0,0.0
134,4.5,0.5,14.0,0.0
135,4.5,0.5,14.0,0.0
136,4.5,0.5,14.0,0.0
137,4.5,0.5,14.0,0.0
138,4.5,0.5,14.0,0.0
139,4.5,0.5,14.0,0.0
140,4.4,0.4898979485566356,14.0,0.0
141,4.4,0.4898979485566356,14.0,0.0
142,4.4,0.4898979485566356,14.0,0.0
143,4.4,0.4898979485566356,14.0,0.0
144,4.4,0.4898979485566356,14.0,0.0
145,4.4,0.4898979485566356,14.0,0.0
146,4.4,0.4898979485566356,14.0,0.0
147,4.4,0.4898979485566356,14.0,0.0
148,4.4,0.4898979485566356,14.0,0.0
149,4.4,0.4898979485566356,14.0,0.0
150,4.4,0.4898979485566356,14.0,0.0
151,4.4,0.4898979485566356,14.0,0.0
152,4.4,0.4898979485566356,14.0,0.0
153,4.4,0.4898979485566356,14.0,0.0
154,4.4,0.4898979485566356,14.0,0.0
155,4.4,0.4898979485566356,14.0,0.0
156,4.4,0.4898979485566356,14.0,0.0
157,4.4,0.4898979485566356,14.0,0.0
158,4.4,0.4898979485566356,14.0,0.0
159,4.4,0.4898979485566356,14.0,0.0
160,4.4,0.4898979485566356,14.0,0.0
161,4.4,0.4898979485566356,14.0,0.0
162,4.4,0.4898979485566356,14.0,0.0
163,4.4,0.4898979485566356,14.0,0.0
164,4.3,0.45825756949558405,14.0,0.0
165,4.3,0.45825756949558405,14.0,0.0
166,4.3,0.45825756949558405,14.0,0.0
167,4.3,0.45825756949558405,14.0,0.0
168,4.3,0.45825756949558405,14.0,0.0
169,4.3,0.45825756949558405,14.0,0.0
170,4.3,0.45825756949558405,14.0,0.0
171,4.3,0.45825756949558405,14.0,0.0
172,4.3,0.45825756949558405,14.0,0.0
173,4.3,0.45825756949558405,14.0,0.0
174,4.3,0.45825756949558405,14.0,0.0
175,4.3,0.45825756949558405,14.0,0.0
176,4.3,0.45825756949558405,14.0,0.0
177,4.3,0.45825756949558405,14.0,0.0
178,4.3,0.45825756949558405,14.0,0.0
179,4.3,0.45825756949558405,14.0,0.0
180,4.3,0.45825756949558405,14.0,0.0
181,4.3,0.45825756949558405,14.0,0.0
182,4.3,0.45825756949558405,14.0,0.0
183,4.3,0.45825756949558405,14.0,0.0
184,4.3,0.45825756949558405,14.0,0.0
185,4.3,0.45825756949558405,14.0,0.0
186,4.2,0.39999999999999997,14.0,0.0
187,4.2,0.39999999999999997,14.0,0.0
188,4.2,0.39999999999999997,14.0,0.0
189,4.2,0.39999999999999997,14.0,0.0
190,4.2,0.39999999999999997,14.0,0.0
191,4.2,0.39999999999999997,14.0,0.0
192,4.2,0.39999999999999997,14.0,0.0
193,4.2,0.39999999999999997,14.0,0.0
194,4.2,0.39999999999999997,14.0,0.0
195,4.2,0.39999999999999997,14.0,0.0
196,4.2,0.39999999999999997,14.0,0.0
197,4.2,0.39999999999999997,14.0,0.0
198,4.2,0.39999999999999997,14.0,0.0
199,4.2,0.39999999999999997,14.0,0.0
200,4.2,0.39999999999999997,14.0,0.0
201,4.2,0.39999999999999997,14.0,0.0
202,4.2,0.39999999999999997,14.0,0.0
203,4.2,0.39999999999999997,14.0,0.0
204,4.2,0.39999999999999997,14.0,0.0
205,4.2,0.39999999999999997,14.0,0.0
206,4.2,0.39999999999999997,14.0,0.0
207,4.2,0.39999999999999997,14.0,0.0
208,4.2,0.39999999999999997,14.0,0.0
209,4.2,0.39999999999999997,14.0,0.0
210,4.2,0.39999999999999997,14.0,0.0
211,4.2,0.39999999999999997,14.0,0.0
212,4.2,0.39999999999999997,14.0,0.0
213,4.2,0.39999999999999997,14.0,0.0
214,4.2,0.39999999999999997,14.0,0.0
215,4.2,0.39999999999999997,14.0,0.0
216,4.2,0.39999999999999997,14.0,0.0
217,4.2,0.39999999999999997,14.0,0.0
218,4.2,0.39999999999999997,14.0,0.0
219,4.2,0.39999999999999997,14.0,0.0
220,4.2,0.39999999999999997,14.0,0.0
221,4.2,0.39999999999999997,14.0,0.0
222,4.2,0.39999999999999997,14.0,0.0
223,4.2,0.39999999999999997,14.0,0.0
224,4.2,0.39999999999999997,14.0,0.0
225,4.2,0.39999999999999997,14.0,0.0
226,4.2,0.39999999999999997,14.0,0.0
227,4.2,0.39999999999999997,14.0,0.0
228,4.2,0.39999999999999997,14.0,0.0
229,4.2,0.39999999999999997,14.0,0.0
230,4.2,0.39999999999999997,14.0,0.0
231,4.2,0.39999999999999997,14.0,0.0
232,4.2,0.39999999999999997,14.0,0.0
233,4.2,0.39999999999999997,14.0,0.0
234,4.2,0.39999999999999997,14.0,0.0
235,4.2,0.39999999999999997,14.0,0.0
236,4.2,0.39999999999999997,14.0,0.0
237,4.2,0.39999999999999997,14.0,0.0
238,4.2,0.39999999999999997,14.0,0.0
239,4.2,0.39999999999999997,14.0,0.0
240,4.2,0.39999999999999997,14.0,0.0
241,4.2,0.39999999999999997,14.0,0.0
242,4.2,0.39999999999999997,14.0,0.0
243,4.2,0.39999999999999997,14.0,0.0
244,4.2,0.39999999999999997,14.0,0.0
245,4.1,0.3,14.0,0.0
246,4.1,0.3,14.0,0.0
247,4.1,0.3,14.0,0.0
248,4.1,0.3,14.0,0.0
249,4.1,0.3,14.0,0.0
250,4.1,0.3,14.0,0.0
251,4.1,0.3,14.0,0.0
252,4.1,0.3,14.0,0.0
253,4.1,0.3,14.0,0.0
254,4.1,0.3,14.0,0.0
255,4.1,0.3,14.0,0.0
256,4.1,0.3,14.0,0.0
257,4.1,0.3,14.0,0.0
258,4.1,0.3,14.0,0.0
259,4.1,0.3,14.0,0.0
260,4.1,0.3,14.0,0.0
261,4.1,0.3,14.0,0.0
262,4.0,0.0,14.0,0.0
263,4.0,0.0,14.0,0.0
264,4.0,0.0,14.0,0.0
265,4.0,0.0,14.0,0.0
266,4.0,0.0,14.0,0.0
267,4.0,0.0,14.0,0.0
268,4.0,0.0,14.0,0.0
269,4.0,0.0,14.0,0.0
270,4.0,0.0,14.0,0.0
271,4.0,0.0,14.0,0.0
272,4.0,0.0,14.0,0.0
273,4.0,0.0,14.0,0.0
274,4.0,0.0,14.0,0.0
275,4.0,0.0,14.0,0.0
276,4.0,0.0,14.0,0.0
277,4.0,0.0,14.0,0.0
278,4.0,0.0,14.0,0.0
279,4.0,0.0,14.0,0.0
280,4.0,0.0,14.0,0.0
281,4.0,0.0,14.0,0.0
282,4.0,0.0,14.0,0.0
283,4.0,0.0,14.0,0.0
284,4.0,0.0,14.0,0.0
285,4.0,0.0,14.0,0.0
286,4.0,0.0,14.0,0.0
287,4.0,0.0,14.0,0.0
288,4.0,0.0,14.0,0.0
289,4.0,0.0,14.0,0.0
290,4.0,0.0,14.0,0.0
291,4.0,0.0,14.0,0.0
292,4.0,0.0,14.0,0.0
293,4.0,0.0,14.0,0.0
294,4.0,0.0,14.0,0.0
295,4.0,0.0,14.0,0.0
296,4.0,0.0,14.0,0.0
297,4.0,0.0,14.0,0.0
298,4.0,0.0,14.0,0.0
299,4.0,0.0,14.0,0.0
300,4.0,0.0,14.0,0.0
301,4.0,0.0,14.0,0.0
302,4.0,0.0,14.0,0.0
303,4.0,0.0,14.0,0.0
304,4.0,0.0,14.0,0.0
305,4.0,0.0,14.0,0.0
306,4.0,0.0,14.0,0.0
307,4.0,0.0,14.0,0.0
308,4.0,0.0,14.0,0.0
309,4.0,0.0,14.0,0.0
310,4.0,0.0,14.0,0.0
311,4.0,0.0,14.0,0.0
312,4.0,0.0,14.0,0.0
313,4.0,0.0,14.0,0.0
314,4.0,0.0,14.0,0.0
315,4.0,0.0,14.0,0.0
316,4.0,0.0,14.0,0.0
317,4.0,0.0,14.0,0.0
318,4.0,0.0,14.0,0.0
319,4.0,0.0,14.0,0.0
320,4.0,0.0,14.0,0.0
321,4.0,0.0,14.0,0.0
322,4.0,0.0,14.0,0.0
323,4.0,0.0,14.0,0.0
324,4.0,0.0,14.0,0.0
325,4.0,0.0,14.0,0.0
326,4.0,0.0,14.0,0.0
327,4.0,0.0,14.0,0.0
328,4.0,0.0,14.0,0.0
329,4.0,0.0,14.0,0.0
330,4.0,0.0,14.0,0.0
331,4.0,0.0,14.0,0.0
332,4.0,0.0,14.0,0.0
333,4.0,0.0,14.0,0.0
334,4.0,0.0,14.0,0.0
335,4.0,0.0,14.0,0.0
336,4.0,0.0,14.0,0.0
337,4.0,0.0,14.0,0.0
338,4.0,0.0,14.0,0.0
339,4.0,0.0,14.0,0.0
340,4.0,0.0,14.0,0.0
341,4.0,0.0,14.0,0.0
342,4.0,0.0,14.0,0.0
343,4.0,0.0,14.0,0.0
344,4.0,0.0,14.0,0.0
345,4.0,0.0,14.0,0.0
346,4.0,0.0,14.0,0.0
347,4.0,0.0,14.0,0.0
348,4.0,0.0,14.0,0.0
349,4.0,0.0,14.0,0.0
350,4.0,0.0,14.0,0.0
351,4.0,0.0,14.0,0.0
352,4.0,0.0,14.0,0.0
353,4.0,0.0,14.0,0.0
354,4.0,0.0,14.0,0.0
355,4.0,0.0,14.0,0.0
356,4.0,0.0,14.0,0.0
357,4.0,0.0,14.0,0.0
358,4.0,0.0,14.0,0.0
359,4.0,0.0,14.0,0.0
360,4.0,0.0,14.0,0.0
361,4.0,0.0,14.0,0.0
362,4.0,0.0,14.0,0.0
363,4.0,0.0,14.0,0.0
364,4.0,0.0,14.0,0.0
365,4.0,0.0,14.0,0.0
366,4.0,0.0,14.0,0.0
367,4.0,0.0,14.0,0.0
368,4.0,0.0,14.0,0.0
369,4.0,0.0,14.0,0.0
370,4.0,0.0,14.0,0.0
371,4.0,0.0,14.0,0.0
372,4.0,0.0,14.0,0.0
373,4.0,0.0,14.0,0.0
374,4.0,0.0,14.0,0.0
375,4.0,0.0,14.0,0.0
376,4.0,0.0,14.0,0.0
377,4.0,0.0,14.0,0.0
378,4.0,0.0,14.0,0.0
379,4.0,0.0,14.0,0.0
380,4.0,0.0,14.0,0.0
