,Core genome (mean),Core genome (std),Pan genome (mean),Pan genome (std)
0,8.075,1.1581774475442006,8.075,1.1581774475442006
1,6.949,0.8799994318179984,9.184,1.1145151412161254
2,6.456,0.7071520345724814,9.779,1.10007227035318
3,6.196,0.6289546883520306,10.181,1.0565221247091798
4,6.047,0.5699043779442302,10.479,1.0485985885933664
5,5.931,0.5159835268688333,10.718,1.01315151877693
6,5.863,0.49621668653925777,10.921,0.9771177001774145
7,5.808,0.4890153371827922,11.081,0.9286759391736172
8,5.777,0.49322510074001713,11.209,0.9007324797074877
9,5.728,0.5020119520489528,11.326,0.8897887389712236
10,5.681,0.5150135920536466,11.441,0.8846010400174759
11,5.65,0.521056618804521,11.554,0.883789567713944
12,5.624,0.5259505680194669,11.636,0.8772137709817373
13,5.598,0.5388840320514238,11.701,0.8761272738592264
14,5.569,0.5433589973488983,11.783,0.8682804846361571
15,5.541,0.5534609290636512,11.871,0.8662326477338521
16,5.518,0.5618505139269698,11.928,0.86186773927326
17,5.495,0.5656633274307253,12.0,0.8294576541331088
18,5.463,0.5767417099534244,12.068,0.8362870320649484
19,5.439,0.5764364665771936,12.116,0.8333930645259774
20,5.423,0.5779887542158585,12.175,0.8344908627420674
21,5.406,0.5840924584344502,12.23,0.8337265738837885
22,5.389,0.5896431123993564,12.275,0.8266649865574325
23,5.363,0.5892630991331461,12.326,0.8171438061932551
24,5.353,0.5868483620152654,12.372,0.8170777196815491
25,5.336,0.5874555302318635,12.419,0.8095918724888485
26,5.318,0.5973909942407902,12.467,0.8067905552248366
27,5.295,0.6066094295343586,12.498,0.8074626926366321
28,5.285,0.6080912760433255,12.524,0.8033828477133428
29,5.27,0.6091797764207213,12.566,0.7947603412350166
30,5.249,0.6123716191986693,12.597,0.7966122017644469
31,5.229,0.6152714847935016,12.636,0.794672259488149
32,5.213,0.6161420290809579,12.67,0.7931582439841371
33,5.194,0.6167365726142727,12.697,0.7919539128004862
34,5.179,0.6139698689675251,12.726,0.7803358251419705
35,5.167,0.6075450600572767,12.753,0.7720045336654443
36,5.153,0.6062928335383818,12.785,0.7699188268902117
37,5.14,0.6019966777316964,12.819,0.7734591133343766
38,5.124,0.602182696529882,12.843,0.7722376577194355
39,5.114,0.6058085506164468,12.876,0.7685206568466458
40,5.107,0.6012911108606214,12.9,0.758946638440411
41,5.093,0.5986242561072846,12.92,0.7547184905645283
42,5.084,0.5974479056788131,12.943,0.7508335368109234
43,5.069,0.596857604458551,12.964,0.7514678968525536
44,5.049,0.5971591077761437,12.992,0.7442687686582046
45,5.039,0.5962205967592867,13.011,0.7408636851675213
46,5.027,0.5918369707951675,13.043,0.7342690242683536
47,5.013,0.5889235943651774,13.061,0.7343561806099271
48,4.997,0.587359344864794,13.079,0.7285320857724799
49,4.984,0.5880000000000001,13.104,0.7260743763554807
50,4.972,0.5824225270368584,13.128,0.7152733743122277
51,4.962,0.5835717607972476,13.149,0.7133014790395433
52,4.952,0.58454768838821,13.175,0.7073718965296827
53,4.942,0.5836403001849685,13.201,0.7089421697148506
54,4.929,0.58134241200862,13.223,0.7051744465024239
55,4.92,0.5827520913733386,13.242,0.6938558928192511
56,4.909,0.5837114012934818,13.258,0.6895186726985717
57,4.9,0.5813776741499452,13.274,0.683318373819993
58,4.896,0.5806754687430837,13.286,0.6813251793380309
59,4.883,0.5825040772389495,13.304,0.6719999999999999
60,4.87,0.5823229344616266,13.319,0.67174325452512
61,4.862,0.5804791124579765,13.335,0.67139779564726
62,4.853,0.5825727422391129,13.354,0.6713300231629746
63,4.84,0.58,13.376,0.6607753022018906
64,4.835,0.5794609564069007,13.384,0.6576807736280572
65,4.827,0.5771230371419945,13.403,0.6516064763336841
66,4.812,0.5750269558898957,13.417,0.6473878281215983
67,4.801,0.570437551358604,13.44,0.642183774320093
68,4.796,0.5730479910094791,13.45,0.641482657598785
69,4.788,0.5736340296739726,13.464,0.6392996167682256
70,4.782,0.5748704201818007,13.473,0.6366089851706461
71,4.775,0.578251675311019,13.481,0.6353259006210906
72,4.766,0.5772728990694089,13.491,0.6308082117410964
73,4.76,0.576541412215983,13.494,0.6276655160194798
74,4.75,0.5740209055426466,13.504,0.6260862560382554
75,4.736,0.5747208017811779,13.514,0.6211312260706267
76,4.729,0.5705777773450347,13.524,0.6143484353361698
77,4.718,0.5678697033651293,13.531,0.6124042782345663
78,4.709,0.5694901228291848,13.543,0.605104123271359
79,4.702,0.5649743357003042,13.553,0.5976545825140137
80,4.693,0.5645803751460017,13.565,0.5947898788647971
81,4.683,0.5572351388776555,13.578,0.5847358377934432
82,4.675,0.5597990710960496,13.591,0.5794126336213252
83,4.662,0.5493232199716302,13.601,0.5760199649317722
84,4.653,0.5482617987786492,13.61,0.5708765190476833
85,4.648,0.5478101861046397,13.616,0.5661660533801014
86,4.641,0.544168172534925,13.625,0.558905179793496
87,4.634,0.5422582410623188,13.632,0.5572934594986739
88,4.626,0.5423320016373734,13.637,0.5524771488487102
89,4.619,0.5402212509703779,13.645,0.5486118846689342
90,4.615,0.5410868691809109,13.652,0.5467138191046573
91,4.612,0.5398666502016957,13.656,0.5419077412253861
92,4.607,0.5408798387812213,13.659,0.5410351190079993
93,4.604,0.541464680288567,13.665,0.5373778931068899
94,4.601,0.5420322868612164,13.671,0.535498832865208
95,4.595,0.5412716508371744,13.687,0.5206063772179514
96,4.59,0.5402777063696039,13.69,0.5195190083144215
97,4.586,0.5390769889357178,13.697,0.5149669892332905
98,4.581,0.5361333789272964,13.704,0.5083148630524195
99,4.578,0.5365780465132729,13.713,0.5046097502030653
100,4.574,0.5371443009099137,13.717,0.5029025750580325
101,4.569,0.5378094458077136,13.722,0.500715488076812
102,4.561,0.5387754634353721,13.732,0.49414168008780635
103,4.56,0.5388877434122992,13.74,0.48620983124572864
104,4.555,0.5375639496841284,13.745,0.4837096236379838
105,4.552,0.5359999999999999,13.753,0.4774840311465924
106,4.547,0.5345942386520828,13.76,0.4715930449020639
107,4.542,0.5350102802750617,13.766,0.46609441103707727
108,4.54,0.5314132102234569,13.77,0.4616275555033516
109,4.534,0.5318308001611038,13.772,0.46045195189074833
110,4.529,0.528354994298341,13.774,0.4592646295982306
111,4.524,0.5267105466952413,13.782,0.45219022545826887
112,4.521,0.5230286799019724,13.784,0.4509368026675134
113,4.516,0.5232055045581994,13.792,0.44579816060634436
114,4.511,0.5233345010602684,13.801,0.4374917142072522
115,4.508,0.5233889567042851,13.806,0.42937629184667375
116,4.503,0.5234414962534018,13.814,0.4188126072600967
117,4.499,0.5234491379303247,13.82,0.40938978980917445
118,4.494,0.5234157047701187,13.826,0.40214922603431674
119,4.487,0.5213741458875767,13.828,0.40051966243868725
120,4.484,0.5212907058446371,13.833,0.39384133861239096
121,4.477,0.5210287899914937,13.839,0.3886888215526657
122,4.47,0.5187484939737175,13.843,0.3851636016032668
123,4.465,0.5165026621422196,13.844,0.3842707378919191
124,4.462,0.5162906158356939,13.852,0.376956230880987
125,4.458,0.5159806197910927,13.858,0.3685593574988973
126,4.453,0.5155492217043879,13.861,0.365621388871056
127,4.449,0.5151689043410909,13.863,0.3636358068177555
128,4.445,0.5108571228827098,13.867,0.35959838709315706
129,4.441,0.5104106190117912,13.872,0.35442347552045705
130,4.437,0.5099323484541847,13.876,0.3501770980518286
131,4.43,0.5090186637049765,13.879,0.3440334286083258
132,4.427,0.5046493832355292,13.882,0.34069928089152174
133,4.424,0.5022190757030243,13.885,0.33730549951045863
134,4.419,0.5014369352171816,13.887,0.3350089551041882
135,4.416,0.5009431105425046,13.889,0.32966498145844975
136,4.412,0.500255934497533,13.893,0.3248861338992478
137,4.411,0.5000789937599859,13.896,0.3180943256331367
138,4.408,0.49752989859906915,13.898,0.31558833945505654
139,4.407,0.4973439453738228,13.901,0.31176754160752523
140,4.401,0.49416495221737444,13.902,0.3104770522921138
141,4.4,0.4939635614091387,13.906,0.3052277837943328
142,4.399,0.4937600631885896,13.908,0.3025491695576109
143,4.394,0.49271086856289253,13.911,0.2984610527355286
144,4.391,0.4920558911343303,13.917,0.2900189648971253
145,4.385,0.490688292095909,13.919,0.287121925320934
146,4.385,0.490688292095909,13.923,0.281195661417455
147,4.383,0.49021525884044037,13.924,0.27968553770261345
148,4.381,0.489733601052654,13.929,0.27195404023474257
149,4.376,0.4884915557100245,13.931,0.26877313853880563
150,4.372,0.4874587162006645,13.932,0.26716287167194475
151,4.369,0.48666107302721473,13.937,0.2589034569101
152,4.366,0.48584359623236767,13.939,0.2554975538043368
153,4.363,0.4850061855275662,13.94,0.2537715508089904
154,4.359,0.48385845037572706,13.943,0.24849748489672888
155,4.356,0.48297411938943474,13.944,0.24670630312174838
156,4.355,0.4826748387890133,13.945,0.24489793792516915
157,4.353,0.4820694970644793,13.947,0.23704640895824597
158,4.345,0.4774672763656164,13.95,0.22693611435820435
159,4.342,0.4764829482783199,13.951,0.2249422148019353
160,4.337,0.47268488446321205,13.952,0.22292599668948435
161,4.335,0.4719904660054056,13.954,0.21882413029645517
162,4.333,0.47128653704513995,13.954,0.21882413029645517
163,4.331,0.47057305490221174,13.956,0.214625254804741
164,4.327,0.46911725613112976,13.958,0.2103235602589496
165,4.321,0.46686079295652994,13.959,0.20813216954618044
166,4.317,0.46530742525775365,13.963,0.19907536261426223
167,4.311,0.4629027975720173,13.963,0.19907536261426223
168,4.311,0.4629027975720173,13.963,0.19907536261426223
169,4.309,0.46208116170214075,13.965,0.1943579172557681
170,4.302,0.45912525524087655,13.967,0.1895019788814882
171,4.3,0.458257569495584,13.967,0.1895019788814882
172,4.294,0.45559192266764353,13.969,0.17899441332063967
173,4.29,0.4537620521815371,13.969,0.17899441332063967
174,4.286,0.4518893669915237,13.972,0.17092688495377198
175,4.284,0.45093680266751346,13.973,0.1681398227666486
176,4.283,0.4504564351854683,13.975,0.16240381768911713
177,4.277,0.4475164801434692,13.978,0.14668333238647124
178,4.273,0.4455008417500465,13.978,0.14668333238647124
179,4.273,0.4455008417500465,13.98,0.13999999999999999
180,4.273,0.4455008417500465,13.982,0.132951118836962
181,4.266,0.44186423254207846,13.982,0.132951118836962
182,4.263,0.440262421744123,13.982,0.132951118836962
183,4.258,0.4375339986789598,13.983,0.12927103310486848
184,4.253,0.4347309512790641,13.984,0.125475097130865
185,4.249,0.43243380996402214,13.984,0.125475097130865
186,4.246,0.4306785344082057,13.985,0.12155245781143219
187,4.245,0.43008720046055776,13.985,0.12155245781143219
188,4.242,0.42829429134649927,13.985,0.12155245781143219
189,4.238,0.42585913163862066,13.985,0.12155245781143219
190,4.234,0.423372176695635,13.987,0.11327400407860577
191,4.229,0.4201892430798294,13.987,0.11327400407860577
192,4.227,0.4188925876641887,13.989,0.10430244484191156
193,4.223,0.4162583332499183,13.989,0.10430244484191156
194,4.22,0.41424630354415964,13.989,0.10430244484191156
195,4.218,0.4128873938497033,13.989,0.10430244484191156
196,4.217,0.4122026200790092,13.989,0.10430244484191156
197,4.214,0.41012680965769605,13.989,0.10430244484191156
198,4.214,0.41012680965769605,13.99,0.099498743710662
199,4.212,0.40872484632084705,13.99,0.099498743710662
200,4.209,0.40659439248469725,13.99,0.099498743710662
201,4.207,0.4051555256935292,13.99,0.099498743710662
202,4.205,0.403701622488689,13.991,0.09444045743218316
203,4.204,0.40296898143653687,13.991,0.09444045743218316
204,4.2,0.3999999999999999,13.991,0.09444045743218316
205,4.195,0.39620070671315066,13.991,0.09444045743218316
206,4.192,0.3938730760029175,13.991,0.09444045743218316
207,4.19,0.39230090491866065,13.991,0.09444045743218316
208,4.188,0.3907121702737195,13.992,0.08908422980528034
209,4.187,0.38991152842664195,13.992,0.08908422980528034
210,4.183,0.38666652298847903,13.993,0.08337265738837883
211,4.179,0.3833523183704515,13.993,0.08337265738837883
212,4.178,0.38251274488570963,13.994,0.07722693830523131
213,4.173,0.37824727361872684,13.994,0.07722693830523131
214,4.172,0.3773804446443933,13.994,0.07722693830523131
215,4.172,0.3773804446443933,13.995,0.07053367989832944
216,4.168,0.3738662862575335,13.995,0.07053367989832944
217,4.164,0.37027557305336783,13.995,0.07053367989832944
218,4.161,0.3675309510775929,13.995,0.07053367989832944
219,4.158,0.3647410040014696,13.995,0.07053367989832944
220,4.157,0.3638007696528417,13.995,0.07053367989832944
221,4.154,0.3609487498246808,13.996,0.063118935352238
222,4.151,0.3580488793447062,13.996,0.063118935352238
223,4.151,0.3580488793447062,13.996,0.063118935352238
224,4.15,0.3570714214271425,13.996,0.063118935352238
225,4.15,0.3570714214271425,13.996,0.063118935352238
226,4.146,0.3531062163145815,13.996,0.063118935352238
227,4.143,0.3500728495613449,13.997,0.054690035655501276
228,4.14,0.34698703145794946,13.997,0.054690035655501276
229,4.138,0.34489998550304407,13.997,0.054690035655501276
230,4.136,0.3427885645700568,13.997,0.054690035655501276
231,4.135,0.34172357249683555,13.997,0.054690035655501276
232,4.132,0.33849076796864047,13.997,0.054690035655501276
233,4.131,0.3374003556607491,13.998,0.044676615807377355
234,4.129,0.3351999403341236,13.999,0.03160696125855822
235,4.128,0.33408980828513757,13.999,0.03160696125855822
236,4.127,0.33297297187609687,13.999,0.03160696125855822
237,4.125,0.33071891388307384,13.999,0.03160696125855822
238,4.124,0.3295815528818322,13.999,0.03160696125855822
239,4.122,0.32728580781940425,13.999,0.03160696125855822
240,4.12,0.3249615361854385,13.999,0.03160696125855822
241,4.119,0.3237885112229895,13.999,0.03160696125855822
242,4.118,0.32260812141048156,13.999,0.03160696125855822
243,4.113,0.3165927984019851,13.999,0.03160696125855822
244,4.112,0.3153664535108324,13.999,0.03160696125855822
245,4.11,0.31288975694324034,13.999,0.03160696125855822
246,4.107,0.3091132478558627,13.999,0.03160696125855822
247,4.107,0.3091132478558627,13.999,0.03160696125855822
248,4.105,0.30655342111938655,13.999,0.03160696125855822
249,4.105,0.30655342111938655,13.999,0.03160696125855822
250,4.105,0.30655342111938655,13.999,0.03160696125855822
251,4.104,0.30526054445342266,13.999,0.03160696125855822
252,4.101,0.3013287241535396,13.999,0.03160696125855822
253,4.099,0.298662016332844,13.999,0.03160696125855822
254,4.097,0.29595776725742473,13.999,0.03160696125855822
255,4.094,0.29182871688714945,13.999,0.03160696125855822
256,4.093,0.2904324362050492,13.999,0.03160696125855822
257,4.092,0.289025950392002,13.999,0.03160696125855822
258,4.089,0.28474374444401757,13.999,0.03160696125855822
259,4.089,0.28474374444401757,13.999,0.03160696125855822
260,4.085,0.27888169534768686,13.999,0.03160696125855822
261,4.083,0.27588222124667616,13.999,0.03160696125855822
262,4.083,0.27588222124667616,13.999,0.03160696125855822
263,4.083,0.27588222124667616,13.999,0.03160696125855822
264,4.08,0.2712931993250107,13.999,0.03160696125855822
265,4.08,0.2712931993250107,13.999,0.03160696125855822
266,4.079,0.26973876250921003,13.999,0.03160696125855822
267,4.077,0.26659144772479104,13.999,0.03160696125855822
268,4.077,0.26659144772479104,13.999,0.03160696125855822
269,4.075,0.26339134382131846,13.999,0.03160696125855822
270,4.072,0.2584879107424562,14.0,0.0
271,4.071,0.2568248430350927,14.0,0.0
272,4.067,0.2500219990320852,14.0,0.0
273,4.066,0.24828209762284517,14.0,0.0
274,4.066,0.24828209762284517,14.0,0.0
275,4.064,0.24475293665245368,14.0,0.0
276,4.063,0.24296296014001806,14.0,0.0
277,4.062,0.2411555514600483,14.0,0.0
278,4.06,0.23748684174075835,14.0,0.0
279,4.058,0.23374344910606587,14.0,0.0
280,4.058,0.23374344910606587,14.0,0.0
281,4.056,0.22992172581119863,14.0,0.0
282,4.053,0.22403347964087864,14.0,0.0
283,4.052,0.22202702538204666,14.0,0.0
284,4.049,0.21586801523152982,14.0,0.0
285,4.049,0.21586801523152982,14.0,0.0
286,4.047,0.2116388433156825,14.0,0.0
287,4.046,0.20948508300115307,14.0,0.0
288,4.043,0.20285709255532575,14.0,0.0
289,4.042,0.20058913230780973,14.0,0.0
290,4.041,0.19829019138626097,14.0,0.0
291,4.039,0.19359493795035035,14.0,0.0
292,4.036,0.18629009635512025,14.0,0.0
293,4.036,0.18629009635512025,14.0,0.0
294,4.035,0.1837797594948911,14.0,0.0
295,4.033,0.1786365024288149,14.0,0.0
296,4.032,0.17600000000000002,14.0,0.0
297,4.032,0.17600000000000002,14.0,0.0
298,4.032,0.17600000000000002,14.0,0.0
299,4.032,0.17600000000000002,14.0,0.0
300,4.03,0.1705872210923198,14.0,0.0
301,4.03,0.1705872210923198,14.0,0.0
302,4.03,0.1705872210923198,14.0,0.0
303,4.029,0.16780643611018023,14.0,0.0
304,4.029,0.16780643611018023,14.0,0.0
305,4.029,0.16780643611018023,14.0,0.0
306,4.028,0.16497272501841026,14.0,0.0
307,4.027,0.16208331191088116,14.0,0.0
308,4.027,0.16208331191088116,14.0,0.0
309,4.025,0.15612494995995993,14.0,0.0
310,4.025,0.15612494995995993,14.0,0.0
311,4.025,0.15612494995995993,14.0,0.0
312,4.025,0.15612494995995993,14.0,0.0
313,4.025,0.15612494995995993,14.0,0.0
314,4.023,0.14990330216509576,14.0,0.0
315,4.022,0.14668333238647124,14.0,0.0
316,4.022,0.14668333238647124,14.0,0.0
317,4.022,0.14668333238647124,14.0,0.0
318,4.022,0.14668333238647124,14.0,0.0
319,4.021,0.14338409953687334,14.0,0.0
320,4.021,0.14338409953687334,14.0,0.0
321,4.019,0.13652472303579305,14.0,0.0
322,4.015,0.12155245781143219,14.0,0.0
323,4.015,0.12155245781143219,14.0,0.0
324,4.015,0.12155245781143219,14.0,0.0
325,4.015,0.12155245781143219,14.0,0.0
326,4.015,0.12155245781143219,14.0,0.0
327,4.014,0.11749042514179613,14.0,0.0
328,4.014,0.11749042514179613,14.0,0.0
329,4.014,0.11749042514179613,14.0,0.0
330,4.012,0.10888526071052962,14.0,0.0
331,4.012,0.10888526071052962,14.0,0.0
332,4.012,0.10888526071052962,14.0,0.0
333,4.012,0.10888526071052962,14.0,0.0
334,4.011,0.10430244484191156,14.0,0.0
335,4.01,0.099498743710662,14.0,0.0
336,4.009,0.09444045743218316,14.0,0.0
337,4.009,0.09444045743218316,14.0,0.0
338,4.008,0.08908422980528033,14.0,0.0
339,4.007,0.08337265738837883,14.0,0.0
340,4.007,0.08337265738837883,14.0,0.0
341,4.007,0.08337265738837883,14.0,0.0
342,4.007,0.08337265738837883,14.0,0.0
343,4.006,0.0772269383052313,14.0,0.0
344,4.006,0.0772269383052313,14.0,0.0
345,4.006,0.0772269383052313,14.0,0.0
346,4.006,0.0772269383052313,14.0,0.0
347,4.006,0.0772269383052313,14.0,0.0
348,4.006,0.0772269383052313,14.0,0.0
349,4.006,0.0772269383052313,14.0,0.0
350,4.005,0.07053367989832943,14.0,0.0
351,4.005,0.07053367989832943,14.0,0.0
352,4.002,0.044676615807377355,14.0,0.0
353,4.002,0.044676615807377355,14.0,0.0
354,4.002,0.044676615807377355,14.0,0.0
355,4.002,0.044676615807377355,14.0,0.0
356,4.002,0.044676615807377355,14.0,0.0
357,4.002,0.044676615807377355,14.0,0.0
358,4.002,0.044676615807377355,14.0,0.0
359,4.002,0.044676615807377355,14.0,0.0
360,4.002,0.044676615807377355,14.0,0.0
361,4.001,0.03160696125855822,14.0,0.0
362,4.001,0.03160696125855822,14.0,0.0
363,4.001,0.03160696125855822,14.0,0.0
364,4.001,0.03160696125855822,14.0,0.0
365,4.001,0.03160696125855822,14.0,0.0
366,4.001,0.03160696125855822,14.0,0.0
367,4.001,0.03160696125855822,14.0,0.0
368,4.001,0.03160696125855822,14.0,0.0
369,4.001,0.03160696125855822,14.0,0.0
370,4.001,0.03160696125855822,14.0,0.0
371,4.001,0.03160696125855822,14.0,0.0
372,4.001,0.03160696125855822,14.0,0.0
373,4.001,0.03160696125855822,14.0,0.0
374,4.001,0.03160696125855822,14.0,0.0
375,4.0,0.0,14.0,0.0
376,4.0,0.0,14.0,0.0
377,4.0,0.0,14.0,0.0
378,4.0,0.0,14.0,0.0
379,4.0,0.0,14.0,0.0
380,4.0,0.0,14.0,0.0
