,Core genome (mean),Core genome (std),Pan genome (mean),Pan genome (std)
0,23.118,1.4866324360782663,23.118,1.4866324360782663
1,20.985,1.5539546325424047,25.24,1.2076423311560425
2,19.839,1.3867512394081356,26.278,1.0755073221508071
3,19.182,1.2210143324302136,26.841,0.9948462192721044
4,18.779,1.1234584994560324,27.241,0.9710401639479183
5,18.454,1.0639003712754311,27.491,0.946529978394768
6,18.216,1.0125927118047018,27.697,0.936584753239129
7,18.055,0.9622759479484042,27.857,0.9383767899942964
8,17.908,0.9314161261219391,27.994,0.930571867187054
9,17.768,0.9000977724669692,28.116,0.9447454683670095
10,17.66,0.8957678270623477,28.243,0.967445605706078
11,17.557,0.8779242564139575,28.357,0.9897226884334824
12,17.46,0.8569714114251419,28.471,0.9935587551826011
13,17.372,0.8541756259692734,28.563,1.0050029850701936
14,17.294,0.8411682352538047,28.652,1.0044381514060483
15,17.223,0.8229647623075972,28.734,1.0066002185574967
16,17.163,0.8224542540469956,28.803,1.0040871476121982
17,17.102,0.8195096094616584,28.882,1.009988118741998
18,17.048,0.8256488357649396,28.949,1.0051860524300962
19,16.985,0.8263020029020868,29.015,1.0063672291961818
20,16.932,0.833892079348401,29.08,1.0067770358922574
21,16.876,0.8225715774326269,29.133,0.9966498883760535
22,16.836,0.8325286781847219,29.2,1.007968253468332
23,16.8,0.8438009243891593,29.261,1.001438465408634
24,16.755,0.8491024673147523,29.322,1.0021556765293504
25,16.713,0.8559386660269531,29.382,0.9920060483686578
26,16.686,0.8552216087073573,29.44,0.993176721434811
27,16.645,0.8584724806305675,29.496,0.987919025021788
28,16.613,0.8701902090922421,29.555,0.9884204570930328
29,16.575,0.871994839434271,29.611,0.9958308089228812
30,16.557,0.8687640646343517,29.665,0.9852791482620546
31,16.531,0.8780882643561523,29.717,0.9924268234988411
32,16.505,0.8899297725101684,29.758,0.9795080397832373
33,16.482,0.8942460511514715,29.796,0.9738500911331271
34,16.441,0.9013983581081121,29.841,0.9714520060198548
35,16.417,0.9072546500294171,29.883,0.9681482324520351
36,16.38,0.9075241043630743,29.92,0.9620810776644553
37,16.354,0.9147043238117988,29.965,0.9496183443889445
38,16.326,0.9185445008272599,29.995,0.9439147207242825
39,16.296,0.9210776297359522,30.027,0.9414196726221521
40,16.267,0.9261268811561406,30.06,0.9275774900244185
41,16.244,0.9404594621779292,30.09,0.9208148565265442
42,16.224,0.9485905333704318,30.119,0.9136952445974532
43,16.201,0.9521549243689286,30.145,0.9099313160892969
44,16.182,0.9617047363926207,30.18,0.9064215354899726
45,16.149,0.9709783725706768,30.21,0.9065870063044141
46,16.132,0.9780470336338636,30.24,0.9035485598461214
47,16.119,0.9842961952583175,30.273,0.9002616286391418
48,16.094,0.9885160595559387,30.296,0.8924034961832007
49,16.073,0.9928096494293354,30.328,0.8845428197662337
50,16.052,1.0046372479656525,30.358,0.8751205631225905
51,16.025,1.0160585613044162,30.375,0.8754284665236789
52,16.003,1.0242026166730878,30.395,0.8700431023805659
53,15.982,1.0264872137537806,30.424,0.860362714208374
54,15.964,1.0308753561900683,30.446,0.8562032468987721
55,15.937,1.041648213169878,30.469,0.8514922195769026
56,15.924,1.0383756545682299,30.493,0.8484992634056909
57,15.912,1.042236057714374,30.522,0.8411397030220368
58,15.895,1.0516534600332943,30.541,0.8392371536103485
59,15.878,1.0521957992693185,30.562,0.8379474923883954
60,15.856,1.0541650724625624,30.584,0.8384175570680759
61,15.844,1.0675504671911302,30.603,0.841065395792741
62,15.828,1.0707081768623978,30.629,0.8374717905696882
63,15.812,1.0791922905580822,30.65,0.8363611660042568
64,15.794,1.088836075816741,30.665,0.8383167659065396
65,15.778,1.0985062585165366,30.684,0.8283380952244077
66,15.762,1.1105656216541189,30.698,0.8202414278735254
67,15.749,1.116243253059117,30.714,0.8186598805364776
68,15.738,1.1150587428472096,30.732,0.8075741452027796
69,15.718,1.122709223263085,30.754,0.8034201889422496
70,15.701,1.1232092414149735,30.771,0.8015977794380422
71,15.679,1.1233694850760367,30.788,0.790604831758572
72,15.663,1.1240244659258978,30.802,0.7853636100558771
73,15.65,1.1302654555457317,30.814,0.7844768957719533
74,15.627,1.1409956178706384,30.822,0.7850579596437451
75,15.614,1.1423677166306827,30.832,0.7834385744906872
76,15.59,1.1471268456452406,30.854,0.7840178569394961
77,15.569,1.1503212594749348,30.872,0.7717616212276951
78,15.543,1.163679938814793,30.883,0.7689674895598643
79,15.529,1.167544003453403,30.893,0.7652130422307241
80,15.518,1.162616015716281,30.903,0.7599940789243032
81,15.495,1.1678934026699526,30.918,0.7545038104608883
82,15.475,1.1821061712046004,30.929,0.7483040825760608
83,15.45,1.2022894826122368,30.938,0.7497706315934227
84,15.441,1.2060344107860272,30.952,0.7427624115422105
85,15.429,1.2062168130149737,30.96,0.7364781055808787
86,15.414,1.2085545084935145,30.971,0.7294922891984533
87,15.398,1.2139176248823476,30.98,0.7304792947099871
88,15.378,1.2178325007980366,30.999,0.7176343079870137
89,15.362,1.224318585989774,31.011,0.709139619539058
90,15.348,1.2210225223148015,31.02,0.7039886362719217
91,15.341,1.2242217936305497,31.029,0.6972510308346629
92,15.319,1.2358151156220738,31.036,0.6976417418704245
93,15.301,1.24434681660701,31.047,0.7005647721660003
94,15.276,1.252127789005579,31.058,0.693279164550616
95,15.264,1.2578966571225159,31.073,0.689689060374311
96,15.244,1.2714023753320582,31.085,0.6839407869106798
97,15.227,1.2788553475667213,31.096,0.6817506875684102
98,15.217,1.282150927153274,31.106,0.6802675944067892
99,15.209,1.2881455663084043,31.127,0.6714692844799379
100,15.195,1.2880120341052719,31.136,0.6704505947495312
101,15.184,1.2861352961488928,31.14,0.6696267617113283
102,15.16,1.285457117137713,31.154,0.6680449086700685
103,15.14,1.2862348152650822,31.159,0.6691180762765269
104,15.123,1.2953265997423198,31.167,0.6671663960362512
105,15.105,1.296909788690023,31.17,0.6656575696257047
106,15.085,1.2968326800323935,31.179,0.6640474380644805
107,15.065,1.3018352430319284,31.186,0.6628755539315053
108,15.052,1.3012670748159274,31.191,0.654613626500396
109,15.04,1.3016912076218385,31.2,0.6511528238439883
110,15.028,1.3066047604382895,31.211,0.6484435210563833
111,15.016,1.3159574461205044,31.217,0.6449116218521729
112,14.999,1.3202268744424195,31.225,0.6406051826203094
113,14.98,1.320454467219525,31.233,0.6361690027028982
114,14.969,1.324401374206475,31.244,0.6312400494265236
115,14.962,1.3268594499795372,31.253,0.6300722180829751
116,14.949,1.3298116407972973,31.262,0.6239839741531829
117,14.936,1.3408594258907232,31.268,0.6198193285143663
118,14.918,1.3391325550519633,31.275,0.6175556655071671
119,14.893,1.34147344364322,31.282,0.6168273664486685
120,14.875,1.3518043497488827,31.29,0.6163602842493989
121,14.858,1.3534533608514185,31.295,0.61479671436988
122,14.843,1.3595407312765588,31.299,0.6144908461482562
123,14.827,1.3620099118582067,31.303,0.612528366690066
124,14.814,1.3672614965689631,31.313,0.6107626380190588
125,14.805,1.36856676855753,31.322,0.6052404480865435
126,14.786,1.372663105062564,31.328,0.6003465665763401
127,14.773,1.3745802995823853,31.334,0.5987019291767816
128,14.75,1.3767715859938423,31.339,0.595045376420992
129,14.735,1.3786859685947341,31.343,0.5910592186913254
130,14.722,1.3844551274779546,31.348,0.5906741910732176
131,14.705,1.3791210969309402,31.352,0.5865969655564202
132,14.691,1.3775046279414092,31.354,0.5870979475351622
133,14.677,1.3822702340714712,31.356,0.5875916949719422
134,14.664,1.3824268515910705,31.358,0.5863753064377796
135,14.646,1.3858874413169346,31.363,0.58414980955231
136,14.633,1.3864743055679034,31.367,0.5850734996562398
137,14.626,1.387127968141368,31.372,0.584479255406041
138,14.609,1.3892872273219818,31.376,0.5819140830053866
139,14.591,1.3941732317040088,31.38,0.5793099343184095
140,14.579,1.391315564492829,31.381,0.5777880234134314
141,14.572,1.3916953689654932,31.385,0.573389047680543
142,14.566,1.3883961970561574,31.39,0.5726255320888163
143,14.55,1.3905035059286979,31.399,0.5690333909358922
144,14.532,1.3939067400654894,31.404,0.5663779656731007
145,14.522,1.3991125758851573,31.411,0.5622090358576602
146,14.509,1.4056738597555267,31.423,0.5586331533305197
147,14.494,1.4064010807731913,31.426,0.5572468034901591
148,14.485,1.4041990599626537,31.432,0.5562157854645983
149,14.472,1.4082670201350311,31.434,0.5546566505505907
150,14.452,1.4176374712880582,31.44,0.5535341001239219
151,14.434,1.4190292456464737,31.446,0.5541516038053126
152,14.425,1.4228053275132195,31.448,0.5543428541976527
153,14.409,1.4267862488824314,31.454,0.5530678077776721
154,14.403,1.4298919539601584,31.457,0.5533091360171094
155,14.38,1.4427751037497147,31.458,0.5533859412742612
156,14.367,1.452690951303821,31.462,0.5518659257464625
157,14.358,1.45183883403083,31.462,0.5518659257464625
158,14.345,1.4567000377565726,31.464,0.5501854232892761
159,14.328,1.4657475908218305,31.469,0.5486702106001382
160,14.317,1.472586500006027,31.471,0.546954294251357
161,14.298,1.4809442933479975,31.473,0.543388443012915
162,14.284,1.480318884565079,31.474,0.5415939438361548
163,14.265,1.4855217938488818,31.477,0.5417296373653558
164,14.258,1.4884340764709736,31.482,0.5419188131076462
165,14.249,1.4916430538168306,31.487,0.5420618045942731
166,14.232,1.4880107526493211,31.488,0.5420848642048587
167,14.221,1.4900197985261807,31.491,0.5384412688492589
168,14.203,1.4919085092591973,31.492,0.5384570549263887
169,14.185,1.487539915430843,31.496,0.5385016248814855
170,14.165,1.4912327115510848,31.498,0.5385127667938803
171,14.146,1.5008944000162034,31.502,0.5385127667938802
172,14.126,1.5086828692604686,31.506,0.5366227725320647
173,14.108,1.5080901829797846,31.508,0.5365966828074882
174,14.091,1.516152696795412,31.511,0.5346765377309911
175,14.077,1.5169281459581399,31.513,0.5346316488948255
176,14.064,1.5139035636393752,31.514,0.5346063972681209
177,14.057,1.5145134532251605,31.517,0.5345194103117304
178,14.044,1.5086629842347166,31.52,0.5344155686354954
179,14.032,1.5063120526637237,31.522,0.5343369723311312
180,14.025,1.5081031131855673,31.525,0.5323297850017412
181,14.009,1.5082834614222886,31.528,0.5321804205342395
182,13.993,1.5116054379367654,31.531,0.5320140975575741
183,13.982,1.5158086950535679,31.534,0.5318308001611038
184,13.971,1.5166275086520093,31.537,0.5316305107873324
185,13.961,1.5137631915197305,31.541,0.5294516030762396
186,13.944,1.5148808534006892,31.549,0.5268766459049025
187,13.928,1.5148650104877333,31.555,0.5262841437854651
188,13.915,1.5158413505377137,31.557,0.5260712879448943
189,13.904,1.5161741324795117,31.562,0.5216857291511815
190,13.893,1.5230072225698734,31.565,0.5193986907954236
191,13.875,1.5236059201775243,31.566,0.5192725681181319
192,13.866,1.522512397322268,31.566,0.5192725681181319
193,13.854,1.5240354326589651,31.57,0.5187484939737175
194,13.845,1.5254425587350053,31.574,0.5181930142331137
195,13.834,1.5311577319139917,31.575,0.5161152971962756
196,13.819,1.5304375191428103,31.58,0.5134199061197374
197,13.807,1.5322372531693649,31.583,0.5090294686950845
198,13.786,1.5401960914117396,31.586,0.5085312183140777
199,13.775,1.5402516028233828,31.588,0.5081889412413457
200,13.763,1.5358486253534234,31.59,0.5078385570237848
201,13.753,1.5440178107781009,31.595,0.5069270164431957
202,13.746,1.5432057542660993,31.597,0.5065481220970027
203,13.731,1.5455222418328376,31.598,0.5063556062689542
204,13.721,1.5489218831174152,31.602,0.5055650304362436
205,13.71,1.549161063285545,31.606,0.5047415180069893
206,13.699,1.5531899433102185,31.609,0.5041021721833779
207,13.687,1.5553234390312518,31.61,0.5038849074937648
208,13.677,1.5564931737723746,31.616,0.502537560785261
209,13.66,1.5583324420674813,31.618,0.5020717080258557
210,13.648,1.5646392555474251,31.622,0.5011147573161262
211,13.638,1.5687434462014493,31.626,0.500123984627812
212,13.625,1.5755554576085222,31.628,0.4976102892826875
213,13.614,1.581456290891405,31.632,0.4925200503532826
214,13.596,1.5775880324089682,31.635,0.4917062130988382
215,13.579,1.5753599588665441,31.637,0.4911527257381354
216,13.57,1.5707004806773313,31.637,0.4911527257381354
217,13.555,1.5744761033435852,31.64,0.4903060268852505
218,13.547,1.5734646484748234,31.645,0.48680078060742665
219,13.536,1.5693004811061517,31.647,0.48620057589435256
220,13.524,1.5663409590507427,31.654,0.4840289247555356
221,13.511,1.5690376031185485,31.659,0.4824095770193622
222,13.502,1.5652463064962012,31.659,0.4824095770193622
223,13.489,1.5709484396376603,31.66,0.4820788317277579
224,13.476,1.5777908606656335,31.661,0.48174578358300135
225,13.46,1.581265316131357,31.662,0.4814104278056303
226,13.447,1.588455539195227,31.666,0.4800458311453189
227,13.435,1.5854888835939531,31.669,0.47899791231277833
228,13.422,1.5924559648542878,31.669,0.47899791231277833
229,13.412,1.5919346720264624,31.671,0.4782875704009043
230,13.391,1.5931475135717972,31.671,0.4782875704009043
231,13.374,1.600038749530773,31.672,0.47792886499980314
232,13.357,1.6029819088186865,31.674,0.4772043587395236
233,13.334,1.6119689823318561,31.675,0.4768385470995397
234,13.318,1.6182941636179746,31.676,0.47647035584598546
235,13.302,1.6213562224261515,31.679,0.4753514489301574
236,13.288,1.6282063751257085,31.68,0.4749736834815167
237,13.274,1.6336841800054258,31.682,0.4742109235350868
238,13.262,1.6325918044630752,31.684,0.4734384859725707
239,13.251,1.6376809823650025,31.685,0.47092993109378817
240,13.242,1.6417783041568066,31.685,0.47092993109378817
241,13.233,1.6452084974251742,31.685,0.47092993109378817
242,13.227,1.6454394549785172,31.687,0.4701393410468857
243,13.221,1.6438245040149513,31.688,0.46974035381261414
244,13.207,1.6401679792021302,31.69,0.4689349635077342
245,13.193,1.64248318104022,31.69,0.4689349635077342
246,13.177,1.653986396558327,31.692,0.4681196428264894
247,13.165,1.6522030746854337,31.692,0.4681196428264894
248,13.157,1.6523773782039015,31.693,0.4677082423904886
249,13.138,1.654374806384575,31.694,0.46729433979024393
250,13.115,1.6588474914831681,31.696,0.4664590014138435
251,13.106,1.6615546936529053,31.697,0.46388683964949895
252,13.097,1.6636078263821676,31.7,0.46260134024881505
253,13.084,1.6658163164046629,31.702,0.4617315237234728
254,13.071,1.6667210324466417,31.704,0.4608513860237376
255,13.061,1.6683162170284143,31.707,0.45951169734839176
256,13.05,1.6701796310576895,31.708,0.4590599089443555
257,13.033,1.66970386595947,31.71,0.4581484475582122
258,13.014,1.670869234859509,31.715,0.4558234307272937
259,13.0,1.669131510696506,31.717,0.45487470802408875
260,12.986,1.666074428109381,31.718,0.45439630280186044
261,12.974,1.6731180472399427,31.723,0.451963494101017
262,12.956,1.676920988001522,31.728,0.4494619004988077
263,12.94,1.674037036627326,31.729,0.44895322696245316
264,12.938,1.6745614351226412,31.73,0.44620623034646206
265,12.924,1.6811377100047455,31.731,0.44568935369829055
266,12.911,1.6807971323154975,31.732,0.4429175995600084
267,12.898,1.6791652688166228,31.733,0.44239235978936164
268,12.89,1.6780643611018022,31.735,0.44133320745214716
269,12.879,1.6770089445199747,31.738,0.43972263985380605
270,12.864,1.6773502913822145,31.738,0.43972263985380605
271,12.858,1.6774492540759618,31.741,0.43808560807221236
272,12.837,1.6800092261651423,31.741,0.43808560807221236
273,12.825,1.6877129495266663,31.742,0.4375339986789598
274,12.817,1.686864250614139,31.743,0.43697940454900164
275,12.805,1.6861123924578691,31.744,0.43642181430354743
276,12.786,1.68943896012848,31.746,0.4352975993501457
277,12.781,1.6908693030509483,31.746,0.4352975993501457
278,12.774,1.6920177304035557,31.747,0.4347309512790641
279,12.76,1.691862878604528,31.748,0.43416126036301306
280,12.752,1.6889333912265456,31.749,0.4335885146080325
281,12.745,1.6899630173468294,31.749,0.4335885146080325
282,12.73,1.6873351771358291,31.75,0.4330127018922193
283,12.722,1.6866285898205333,31.755,0.4300872004605577
284,12.707,1.6973953575994012,31.756,0.4294927240361588
285,12.694,1.6995187554128375,31.756,0.4294927240361588
286,12.681,1.6968320482593438,31.757,0.4288950920679788
287,12.669,1.7004231826224905,31.759,0.4276903085177405
288,12.656,1.699312802282146,31.759,0.4276903085177405
289,12.645,1.7038119027639171,31.759,0.4276903085177405
290,12.632,1.7107238234151063,31.762,0.42585913163862066
291,12.621,1.709783319605148,31.764,0.4246221850068599
292,12.608,1.710069004455668,31.767,0.42274223824926693
293,12.6,1.7099707599839244,31.77,0.4208325082500162
294,12.585,1.7090275012415685,31.77,0.4208325082500162
295,12.573,1.7089970743099592,31.771,0.4201892430798294
296,12.556,1.7049527852700204,31.773,0.4188925876641887
297,12.541,1.7112331810714754,31.773,0.4188925876641887
298,12.53,1.7108769681072922,31.777,0.4162583332499183
299,12.516,1.7081405094429438,31.778,0.41559114523772034
300,12.508,1.708782022377342,31.779,0.41492047430802925
301,12.496,1.7117196032060857,31.782,0.4128873938497033
302,12.484,1.7168995311316266,31.783,0.4122026200790092
303,12.467,1.7218916922965857,31.783,0.4122026200790092
304,12.462,1.7223692983794157,31.785,0.4108223460329294
305,12.454,1.721012492691439,31.785,0.4108223460329294
306,12.443,1.7171927672803657,31.785,0.4108223460329294
307,12.431,1.71383750688331,31.786,0.410126809657696
308,12.412,1.7193766312242353,31.787,0.40942764928617126
309,12.404,1.718366666343362,31.788,0.40872484632084705
310,12.395,1.7201671430416288,31.788,0.40872484632084705
311,12.386,1.7236600592924347,31.79,0.4073082370883259
312,12.371,1.726661229077667,31.79,0.4073082370883259
313,12.358,1.733157811625935,31.791,0.40659439248469725
314,12.344,1.733108190506294,31.791,0.40659439248469725
315,12.334,1.7321789745866332,31.791,0.40659439248469725
316,12.323,1.7414565742504173,31.791,0.40659439248469725
317,12.31,1.748113268641366,31.791,0.40659439248469725
318,12.301,1.744820621152788,31.791,0.40659439248469725
319,12.296,1.7493953241048745,31.792,0.4058768286069063
320,12.291,1.7550837586850379,31.793,0.4051555256935293
321,12.271,1.76169208433256,31.794,0.40443046373882374
322,12.264,1.760768014248328,31.795,0.40370162248868907
323,12.252,1.7670585728831967,31.795,0.40370162248868907
324,12.237,1.7694154401948685,31.796,0.4029689814365369
325,12.224,1.7651696802290708,31.797,0.4022325198190718
326,12.217,1.7697205994167555,31.798,0.40149221661197865
327,12.209,1.7712478652068997,31.799,0.4007480505255141
328,12.191,1.7800334266524325,31.8,0.39999999999999997
329,12.184,1.776553967657611,31.8,0.39999999999999997
330,12.174,1.7747461790351882,31.8,0.39999999999999997
331,12.163,1.777197512939966,31.803,0.3977323220458704
332,12.149,1.7817965652677636,31.805,0.39620070671315066
333,12.135,1.7789814501562402,31.807,0.3946530121511807
334,12.12,1.7848249213858485,31.808,0.39387307600291743
335,12.101,1.7801120751233614,31.809,0.39308904843559306
336,12.092,1.7803190725260458,31.81,0.39230090491866065
337,12.078,1.782671029663073,31.81,0.39230090491866065
338,12.074,1.781719394293052,31.811,0.39150862059474506
339,12.065,1.7857141428571373,31.812,0.3907121702737195
340,12.051,1.782806495388661,31.812,0.3907121702737195
341,12.045,1.7846498255960468,31.812,0.3907121702737195
342,12.033,1.7854722064484791,31.815,0.3882975663070785
343,12.025,1.7850420163122211,31.816,0.3874841932259947
344,12.016,1.7820617273259645,31.817,0.38666652298847903
345,12.003,1.784093887663987,31.817,0.38666652298847903
346,11.993,1.7807164288566555,31.819,0.38501818138887933
347,11.977,1.778896005954255,31.819,0.38501818138887933
348,11.966,1.7795628676728452,31.822,0.38251274488570963
349,11.952,1.780364007724263,31.823,0.3816687045069323
350,11.948,1.778565714276535,31.824,0.380820167533181
351,11.933,1.7744044071180616,31.826,0.3791094828674165
352,11.929,1.7736851468059374,31.827,0.37824727361872684
353,11.919,1.7721283813539017,31.828,0.3773804446443933
354,11.905,1.7781943088425405,31.832,0.3738662862575336
355,11.896,1.7751574578047997,31.833,0.3729758705332022
356,11.882,1.7697672163310068,31.835,0.3711805490593492
357,11.874,1.7714750915550577,31.836,0.37027557305336795
358,11.858,1.7742141922552646,31.837,0.3693656724710622
359,11.843,1.782793033416947,31.838,0.368450810828257
360,11.836,1.7835649693801459,31.838,0.368450810828257
361,11.83,1.7897206485929584,31.839,0.36753095107759287
362,11.82,1.7898603297464304,31.839,0.36753095107759287
363,11.812,1.792946178779497,31.842,0.36474100400146947
364,11.804,1.7937625260886683,31.842,0.36474100400146947
365,11.793,1.797818400172832,31.843,0.3638007696528417
366,11.78,1.8109665927343883,31.844,0.3628553430776512
367,11.772,1.8088714713876164,31.847,0.35998749978297856
368,11.762,1.8086890279979033,31.848,0.35902089075707005
369,11.748,1.816176202905434,31.849,0.35804887934470614
370,11.733,1.8115493368936988,31.849,0.35804887934470614
371,11.727,1.8112070560816615,31.849,0.35804887934470614
372,11.717,1.80801299774089,31.85,0.35707142142714243
373,11.706,1.8120607053848938,31.852,0.355099985919459
374,11.693,1.8173472425488753,31.854,0.3531062163145815
375,11.679,1.8154776231063825,31.855,0.352100837829165
376,11.663,1.8186343777681098,31.856,0.351089732119867
377,11.658,1.8168753396972506,31.856,0.351089732119867
378,11.649,1.8198348826198492,31.857,0.3500728495613448
379,11.644,1.8213357735464375,31.857,0.3500728495613448
380,11.627,1.8280784994086003,31.859,0.3480215510568275
381,11.618,1.8297748495375052,31.86,0.3469870314579494
382,11.614,1.8327585765724845,31.861,0.3459465276599839
383,11.604,1.8366229879863747,31.861,0.3459465276599839
384,11.586,1.8391856893745124,31.861,0.3459465276599839
385,11.579,1.8373238691096352,31.861,0.3459465276599839
386,11.565,1.8395040092372725,31.862,0.3448999855030441
387,11.556,1.835991285382368,31.863,0.34384734985164567
388,11.548,1.8356731735251783,31.864,0.34278856457005685
389,11.541,1.8347531169070133,31.867,0.33957473404244903
390,11.536,1.8359477116737284,31.868,0.3384907679686404
391,11.525,1.8323141106262322,31.87,0.3363034344160047
392,11.511,1.8313598772496902,31.871,0.3351999403341236
393,11.503,1.8308443407346238,31.871,0.3351999403341236
394,11.49,1.8291801442176219,31.873,0.33297297187609687
395,11.48,1.8280043763623763,31.873,0.33297297187609687
396,11.467,1.83709308419579,31.875,0.33071891388307384
397,11.459,1.8320259277641244,31.875,0.33071891388307384
398,11.451,1.8307372831730935,31.877,0.32843720861071757
399,11.437,1.8341294937926274,31.878,0.32728580781940425
400,11.423,1.834140398115695,31.88,0.3249615361854384
401,11.413,1.8336932676977358,31.88,0.3249615361854384
402,11.406,1.8393379243630028,31.88,0.3249615361854384
403,11.398,1.8383677542863939,31.88,0.3249615361854384
404,11.389,1.8432794145218463,31.882,0.3226081214104815
405,11.385,1.8419486963539458,31.884,0.32022492095400695
406,11.381,1.8416946000898198,31.885,0.3190219428189854
407,11.372,1.8351065364168917,31.885,0.3190219428189854
408,11.361,1.8353961425261853,31.886,0.31781126474686205
409,11.345,1.8330234586605811,31.887,0.3165927984019852
410,11.331,1.8350583097002668,31.888,0.3153664535108324
411,11.322,1.8418240958354304,31.888,0.3153664535108324
412,11.313,1.8376699921367818,31.89,0.3128897569432403
413,11.299,1.8351019045273755,31.891,0.3116392144772541
414,11.284,1.842103145863445,31.893,0.30911324785586264
415,11.269,1.841911778560526,31.893,0.30911324785586264
416,11.261,1.8392604492023414,31.893,0.30911324785586264
417,11.256,1.840778096349476,31.894,0.3078376195334157
418,11.239,1.8417054596215978,31.895,0.30655342111938655
419,11.228,1.8384819825062195,31.895,0.30655342111938655
420,11.221,1.8363439220363924,31.896,0.3052605444534226
421,11.207,1.8336169174612238,31.897,0.3039588787977742
422,11.201,1.8293712034466927,31.899,0.3013287241535397
423,11.19,1.824801359052541,31.899,0.3013287241535397
424,11.183,1.8230499170346381,31.9,0.29999999999999993
425,11.165,1.8280522421418928,31.9,0.29999999999999993
426,11.14,1.8320480343047776,31.9,0.29999999999999993
427,11.125,1.83176827137059,31.901,0.298662016332844
428,11.109,1.8295133232638674,31.901,0.298662016332844
429,11.099,1.8284416862454216,31.902,0.29731464814233427
430,11.085,1.8236707487921167,31.902,0.29731464814233427
431,11.072,1.8283369492519699,31.903,0.29595776725742473
432,11.067,1.8304401110115567,31.903,0.29595776725742473
433,11.059,1.8296226386880985,31.903,0.29595776725742473
434,11.05,1.8323482201808692,31.903,0.29595776725742473
435,11.037,1.8307460228005412,31.904,0.2945912422323515
436,11.029,1.827610188196597,31.904,0.2945912422323515
437,11.02,1.8263625050903778,31.904,0.2945912422323515
438,11.015,1.8233965558813587,31.905,0.293214938227915
439,11.004,1.8242762948632534,31.905,0.293214938227915
440,10.991,1.823984374933075,31.905,0.293214938227915
441,10.981,1.8233592624603634,31.907,0.2904324362050492
442,10.973,1.8243549544976165,31.908,0.289025950392002
443,10.963,1.8269184437188213,31.908,0.289025950392002
444,10.95,1.8274298892159995,31.908,0.289025950392002
445,10.935,1.8288726035456928,31.91,0.2861817604250837
446,10.925,1.8295832858878003,31.91,0.2861817604250837
447,10.915,1.8280522421418923,31.912,0.28329489935401236
448,10.906,1.8289789501249052,31.912,0.28329489935401236
449,10.897,1.8271264324069092,31.913,0.2818350581457176
450,10.885,1.8307853506077656,31.914,0.28036404905051576
451,10.877,1.8269841269151739,31.915,0.2788816953476868
452,10.875,1.8246575021082725,31.916,0.27738781516137295
453,10.868,1.826082144921197,31.917,0.27588222124667616
454,10.861,1.8258365206118534,31.917,0.27588222124667616
455,10.844,1.826927475298349,31.917,0.27588222124667616
456,10.836,1.828962547456891,31.917,0.27588222124667616
457,10.826,1.8296786603116955,31.917,0.27588222124667616
458,10.815,1.8310584370794942,31.917,0.27588222124667616
459,10.807,1.8329623564056083,31.919,0.2728351150420341
460,10.801,1.8355922749891929,31.92,0.2712931993250108
461,10.794,1.8405336182748742,31.923,0.26659144772479104
462,10.787,1.8432663942035075,31.923,0.26659144772479104
463,10.769,1.8470622620799766,31.923,0.26659144772479104
464,10.761,1.843333664858319,31.923,0.26659144772479104
465,10.75,1.8383416439824236,31.925,0.26339134382131846
466,10.739,1.8381727339942782,31.925,0.26339134382131846
467,10.728,1.8390258290736432,31.926,0.2617708921939183
468,10.721,1.8382488950085076,31.926,0.2617708921939183
469,10.713,1.8408234570430702,31.926,0.2617708921939183
470,10.704,1.8385820623513107,31.927,0.26013650262890825
471,10.699,1.8380421649135257,31.929,0.2568248430350927
472,10.69,1.8422540541412848,31.931,0.25345413786324344
473,10.679,1.8390103316729898,31.931,0.25345413786324344
474,10.666,1.8391421913489996,31.932,0.251745903640953
475,10.66,1.837498299318941,31.934,0.24828209762284517
476,10.652,1.8398086857062068,31.935,0.246525860712421
477,10.635,1.8422201279977375,31.935,0.246525860712421
478,10.625,1.8434681988035486,31.935,0.246525860712421
479,10.617,1.8369297754677505,31.935,0.246525860712421
480,10.605,1.8338415962127155,31.936,0.2447529366524537
481,10.597,1.8331914793605169,31.936,0.2447529366524537
482,10.59,1.8324573664890542,31.936,0.2447529366524537
483,10.58,1.8323755073674173,31.936,0.2447529366524537
484,10.571,1.826187011234063,31.936,0.2447529366524537
485,10.56,1.820549367636044,31.936,0.2447529366524537
486,10.549,1.8285510657348345,31.936,0.2447529366524537
487,10.537,1.8304728897200309,31.936,0.2447529366524537
488,10.529,1.836616182004286,31.937,0.24296296014001809
489,10.522,1.8356241445350407,31.937,0.24296296014001809
490,10.512,1.8335364735941306,31.937,0.24296296014001809
491,10.499,1.8341207702874966,31.938,0.24115555146004833
492,10.493,1.8362872868916782,31.938,0.24115555146004833
493,10.487,1.8378876461851523,31.939,0.23933031567271204
494,10.476,1.8301431637989416,31.94,0.23748684174075832
495,10.468,1.8283807043392246,31.94,0.23748684174075832
496,10.458,1.8248934215454886,31.941,0.235624701591323
497,10.445,1.8300204916885494,31.943,0.2318426190328258
498,10.443,1.832143826231991,31.943,0.2318426190328258
499,10.428,1.8305234224122893,31.943,0.2318426190328258
500,10.414,1.83155780689554,31.943,0.2318426190328258
501,10.402,1.8358638293729739,31.944,0.22992172581119863
502,10.395,1.8360215140351706,31.945,0.22798026230355994
503,10.385,1.83977580155844,31.945,0.22798026230355994
504,10.379,1.841564280713546,31.945,0.22798026230355994
505,10.372,1.842719729096099,31.946,0.22601769842204836
506,10.362,1.8457941380338165,31.947,0.22403347964087864
507,10.346,1.852642437169137,31.947,0.22403347964087864
508,10.337,1.8524122111452406,31.947,0.22403347964087864
509,10.331,1.8513343836271174,31.947,0.22403347964087864
510,10.321,1.8476901796567518,31.947,0.22403347964087864
511,10.316,1.846657521036318,31.947,0.22403347964087864
512,10.309,1.847571108239139,31.948,0.22202702538204666
513,10.303,1.8534268261790103,31.949,0.21999772726098787
514,10.297,1.8538584088327779,31.949,0.21999772726098787
515,10.288,1.8517710441628574,31.949,0.21999772726098787
516,10.279,1.8588057994314522,31.949,0.21999772726098787
517,10.271,1.853526099087898,31.949,0.21999772726098787
518,10.262,1.8507717309273988,31.95,0.21794494717703367
519,10.254,1.844853381708151,31.952,0.21376622745419824
520,10.245,1.843088440634361,31.952,0.21376622745419824
521,10.24,1.8472682533947253,31.953,0.21163884331568245
522,10.23,1.844749305461314,31.954,0.20948508300115307
523,10.219,1.8458166214442864,31.955,0.2073041244162788
524,10.202,1.8447753250734897,31.955,0.2073041244162788
525,10.194,1.8434652152942836,31.955,0.2073041244162788
526,10.187,1.8390299073152672,31.955,0.2073041244162788
527,10.18,1.8421726303471129,31.955,0.2073041244162788
528,10.17,1.8431223507949763,31.957,0.20285709255532577
529,10.163,1.8413123037659853,31.957,0.20285709255532577
530,10.158,1.8441897950048416,31.957,0.20285709255532577
531,10.145,1.8417315222366153,31.957,0.20285709255532577
532,10.135,1.8370560688231592,31.957,0.20285709255532577
533,10.127,1.8365377752717202,31.958,0.2005891323078097
534,10.118,1.8352318654600568,31.958,0.2005891323078097
535,10.106,1.8424885345640554,31.959,0.19829019138626097
536,10.093,1.8374849659248913,31.961,0.19359493795035035
537,10.091,1.8364963925910662,31.961,0.19359493795035035
538,10.081,1.8342407148463367,31.962,0.19119623427254
539,10.07,1.8349659397383917,31.964,0.18629009635512025
540,10.061,1.8322879140571766,31.965,0.1837797594948911
541,10.051,1.828769805087562,31.965,0.1837797594948911
542,10.041,1.821899832592341,31.966,0.18122913673027305
543,10.032,1.8245481632448075,31.966,0.18122913673027305
544,10.023,1.8244097675686788,31.966,0.18122913673027305
545,10.013,1.8256042835182,31.967,0.17863650242881496
546,10.0,1.8264720090929398,31.968,0.17600000000000002
547,9.995,1.8256437220881845,31.968,0.17600000000000002
548,9.988,1.8253372291168555,31.968,0.17600000000000002
549,9.977,1.825505683365571,31.968,0.17600000000000002
550,9.962,1.827171584717757,31.968,0.17600000000000002
551,9.956,1.8226530114094674,31.968,0.17600000000000002
552,9.944,1.8256133215990729,31.968,0.17600000000000002
553,9.937,1.8289425906791061,31.968,0.17600000000000002
554,9.929,1.8248175251240875,31.968,0.17600000000000002
555,9.926,1.8249723285573403,31.969,0.17331762749357027
556,9.919,1.8282338471869508,31.969,0.17331762749357027
557,9.913,1.82795815050564,31.971,0.16780643611018023
558,9.899,1.8288791649532234,31.971,0.16780643611018023
559,9.887,1.828723871993801,31.971,0.16780643611018023
560,9.874,1.8303343956774674,31.971,0.16780643611018023
561,9.865,1.83378706506508,31.971,0.16780643611018023
562,9.859,1.8333354848472225,31.971,0.16780643611018023
563,9.847,1.8329187106906843,31.972,0.1649727250184102
564,9.84,1.8271288952889995,31.972,0.1649727250184102
565,9.835,1.8236707487921169,31.974,0.15913516267626085
566,9.83,1.826225615853638,31.974,0.15913516267626085
567,9.815,1.8326961013763303,31.974,0.15913516267626085
568,9.808,1.8333401211995555,31.974,0.15913516267626085
569,9.802,1.835972766682556,31.976,0.1530490117576719
570,9.793,1.8385186972125143,31.976,0.1530490117576719
571,9.772,1.835760332941095,31.976,0.1530490117576719
572,9.756,1.8391476286584503,31.976,0.1530490117576719
573,9.749,1.8379333502605584,31.976,0.1530490117576719
574,9.74,1.8402173784637508,31.976,0.1530490117576719
575,9.726,1.838728908784544,31.976,0.1530490117576719
576,9.72,1.8378248012256229,31.976,0.1530490117576719
577,9.707,1.8311611070574865,31.977,0.14990330216509576
578,9.701,1.8329208930011138,31.977,0.14990330216509576
579,9.689,1.8325607766183365,31.977,0.14990330216509576
580,9.678,1.8287471120961478,31.977,0.14990330216509576
581,9.664,1.8284157076551273,31.978,0.14668333238647122
582,9.658,1.829490639495048,31.979,0.14338409953687334
583,9.642,1.8335310196448817,31.98,0.13999999999999999
584,9.633,1.83529588895088,31.98,0.13999999999999999
585,9.62,1.8296447742663056,31.98,0.13999999999999999
586,9.608,1.828752580312602,31.981,0.13652472303579305
587,9.603,1.8274000656670666,31.981,0.13652472303579305
588,9.595,1.8256437220881845,31.981,0.13652472303579305
589,9.587,1.8200085164635909,31.981,0.13652472303579305
590,9.58,1.8219769482625185,31.982,0.132951118836962
591,9.574,1.8200340656152567,31.983,0.12927103310486848
592,9.565,1.819278703222791,31.983,0.12927103310486848
593,9.558,1.8173156027503863,31.983,0.12927103310486848
594,9.55,1.8192031222488598,31.984,0.12547509713086497
595,9.538,1.8200428566382716,31.984,0.12547509713086497
596,9.532,1.823451671967206,31.984,0.12547509713086497
597,9.521,1.8230630817390825,31.984,0.12547509713086497
598,9.514,1.8192866733970214,31.984,0.12547509713086497
599,9.502,1.820438408735654,31.984,0.12547509713086497
600,9.492,1.8182233086175084,31.984,0.12547509713086497
601,9.485,1.8170786994514025,31.984,0.12547509713086497
602,9.481,1.821987650891191,31.985,0.12155245781143219
603,9.467,1.8212388640702788,31.986,0.11749042514179613
604,9.456,1.821555379339316,31.986,0.11749042514179613
605,9.448,1.8185972616277637,31.986,0.11749042514179613
606,9.438,1.8166331495379027,31.987,0.11327400407860581
607,9.428,1.8129578042524874,31.987,0.11327400407860581
608,9.42,1.8175808097578494,31.987,0.11327400407860581
609,9.41,1.8132567385784066,31.987,0.11327400407860581
610,9.397,1.8081457352768886,31.987,0.11327400407860581
611,9.383,1.8072938333320345,31.987,0.11327400407860581
612,9.38,1.8054362353736009,31.987,0.11327400407860581
613,9.374,1.8089013240085816,31.988,0.1088852607105296
614,9.366,1.8077732158653086,31.988,0.1088852607105296
615,9.355,1.8096891998351539,31.988,0.1088852607105296
616,9.338,1.8099049698810157,31.988,0.1088852607105296
617,9.327,1.8061204278784955,31.988,0.1088852607105296
618,9.322,1.805634514512835,31.988,0.1088852607105296
619,9.307,1.8035384664597538,31.988,0.1088852607105296
620,9.291,1.799532994973974,31.988,0.1088852607105296
621,9.281,1.8011215950068447,31.988,0.1088852607105296
622,9.263,1.792716095760843,31.988,0.1088852607105296
623,9.257,1.7907961916421422,31.988,0.1088852607105296
624,9.243,1.802207257781413,31.988,0.1088852607105296
625,9.233,1.7963048182310262,31.988,0.1088852607105296
626,9.223,1.8031281152486087,31.988,0.1088852607105296
627,9.213,1.8026732926406828,31.988,0.1088852607105296
628,9.206,1.8070871589383841,31.988,0.1088852607105296
629,9.197,1.8050459827937904,31.988,0.1088852607105296
630,9.186,1.8020554930412105,31.988,0.1088852607105296
631,9.178,1.8050806076183965,31.988,0.1088852607105296
632,9.169,1.804560611340057,31.988,0.1088852607105296
633,9.162,1.8015981793951723,31.988,0.1088852607105296
634,9.155,1.8036005655355065,31.988,0.1088852607105296
635,9.146,1.7990786530888525,31.988,0.1088852607105296
636,9.14,1.7962182495454162,31.989,0.10430244484191156
637,9.136,1.798194650197803,31.99,0.09949874371066197
638,9.129,1.7984323729292686,31.99,0.09949874371066197
639,9.124,1.7979499436858637,31.99,0.09949874371066197
640,9.116,1.797371414037733,31.99,0.09949874371066197
641,9.107,1.7876104161701452,31.99,0.09949874371066197
642,9.099,1.7835916012361126,31.99,0.09949874371066197
643,9.082,1.7802460504098863,31.99,0.09949874371066197
644,9.075,1.7763375242335,31.99,0.09949874371066197
645,9.067,1.77722002014382,31.99,0.09949874371066197
646,9.063,1.7784912144849072,31.99,0.09949874371066197
647,9.053,1.7793793861905898,31.99,0.09949874371066197
648,9.047,1.7795479763130861,31.99,0.09949874371066197
649,9.039,1.7814261141007224,31.99,0.09949874371066197
650,9.032,1.777913383716991,31.99,0.09949874371066197
651,9.031,1.7770872235205564,31.99,0.09949874371066197
652,9.026,1.7751968904884887,31.99,0.09949874371066197
653,9.013,1.78068273423426,31.99,0.09949874371066197
654,8.997,1.777355057381614,31.99,0.09949874371066197
655,8.986,1.7848820689334073,31.99,0.09949874371066197
656,8.977,1.785068906233034,31.99,0.09949874371066197
657,8.969,1.787187455193215,31.99,0.09949874371066197
658,8.961,1.787590277440555,31.991,0.09444045743218316
659,8.95,1.784796907213815,31.991,0.09444045743218316
660,8.936,1.786590048108407,31.991,0.09444045743218316
661,8.932,1.7875614674746152,31.991,0.09444045743218316
662,8.922,1.7837925888398574,31.991,0.09444045743218316
663,8.915,1.7781380711294608,31.991,0.09444045743218316
664,8.905,1.7776318516498288,31.991,0.09444045743218316
665,8.889,1.7716317337415244,31.991,0.09444045743218316
666,8.876,1.7687916779541903,31.991,0.09444045743218316
667,8.868,1.7693433810315058,31.991,0.09444045743218316
668,8.858,1.765173079332449,31.991,0.09444045743218316
669,8.848,1.7637732280539922,31.991,0.09444045743218316
670,8.842,1.7609758658198584,31.992,0.08908422980528033
671,8.828,1.7585266560390829,31.992,0.08908422980528033
672,8.819,1.7493538807228228,31.992,0.08908422980528033
673,8.812,1.749473063525129,31.992,0.08908422980528033
674,8.809,1.7482903077006404,31.992,0.08908422980528033
675,8.796,1.75567195113438,31.992,0.08908422980528033
676,8.781,1.755858479490873,31.992,0.08908422980528033
677,8.771,1.7477296701721352,31.992,0.08908422980528033
678,8.76,1.7453939383417143,31.992,0.08908422980528033
679,8.746,1.7416899838949524,31.993,0.08337265738837882
680,8.729,1.7399882183509174,31.994,0.07722693830523131
681,8.723,1.7378926894374116,31.995,0.0705336798983294
682,8.716,1.733592801092575,31.995,0.0705336798983294
683,8.71,1.7331762749357031,31.996,0.063118935352238
684,8.7,1.7303178898687954,31.996,0.063118935352238
685,8.689,1.7222888840145258,31.996,0.063118935352238
686,8.683,1.7217755370546999,31.996,0.063118935352238
687,8.672,1.719423159085628,31.996,0.063118935352238
688,8.665,1.7201090081736101,31.996,0.063118935352238
689,8.66,1.721162397916013,31.996,0.063118935352238
690,8.654,1.7182211731904597,31.996,0.063118935352238
691,8.648,1.721074083239882,31.996,0.063118935352238
692,8.64,1.726962651593832,31.996,0.063118935352238
693,8.63,1.7306357213463497,31.996,0.063118935352238
694,8.62,1.729624236647949,31.996,0.063118935352238
695,8.615,1.728228862159176,31.996,0.063118935352238
696,8.605,1.7282867238973978,31.996,0.063118935352238
697,8.598,1.7252234637866481,31.996,0.063118935352238
698,8.585,1.7166173132064118,31.996,0.063118935352238
699,8.575,1.7165008010484586,31.996,0.063118935352238
700,8.564,1.7210183032146984,31.996,0.063118935352238
701,8.556,1.7241995244170556,31.996,0.063118935352238
702,8.549,1.723832648489986,31.996,0.063118935352238
703,8.546,1.7204313412629986,31.997,0.054690035655501276
704,8.535,1.721271332474924,31.997,0.054690035655501276
705,8.528,1.7132472092491497,31.997,0.054690035655501276
706,8.521,1.7139308620828322,31.997,0.054690035655501276
707,8.518,1.7145483370264016,31.997,0.054690035655501276
708,8.509,1.7169504943358154,31.997,0.054690035655501276
709,8.496,1.7152212685248511,31.997,0.054690035655501276
710,8.486,1.7157517302920022,31.997,0.054690035655501276
711,8.472,1.7109108685141958,31.998,0.044676615807377355
712,8.456,1.7076486758112746,31.998,0.044676615807377355
713,8.451,1.708098065100479,31.998,0.044676615807377355
714,8.446,1.7038438895626558,31.998,0.044676615807377355
715,8.434,1.7116202849931408,31.998,0.044676615807377355
716,8.423,1.7099915204468121,31.998,0.044676615807377355
717,8.41,1.7064290199126364,31.998,0.044676615807377355
718,8.403,1.7036992105415791,31.998,0.044676615807377355
719,8.397,1.7004090684302997,31.998,0.044676615807377355
720,8.388,1.6974851987572674,31.998,0.044676615807377355
721,8.37,1.688520062066187,31.998,0.044676615807377355
722,8.363,1.686781254342127,31.998,0.044676615807377355
723,8.355,1.6878906955131898,31.998,0.044676615807377355
724,8.343,1.6832560708341435,31.998,0.044676615807377355
725,8.34,1.6823792675850473,31.998,0.044676615807377355
726,8.328,1.6805998928953911,31.998,0.044676615807377355
727,8.324,1.6754175598936523,31.998,0.044676615807377355
728,8.317,1.6680860289565405,31.998,0.044676615807377355
729,8.308,1.6664741222113233,31.998,0.044676615807377355
730,8.302,1.666372107303768,31.998,0.044676615807377355
731,8.296,1.6686473563937947,31.998,0.044676615807377355
732,8.284,1.6641346099399532,31.998,0.044676615807377355
733,8.276,1.6606697444103689,31.998,0.044676615807377355
734,8.27,1.6634602489990555,31.998,0.044676615807377355
735,8.262,1.6611309400525895,31.998,0.044676615807377355
736,8.255,1.6619190714351888,31.998,0.044676615807377355
737,8.244,1.6650717702249354,31.998,0.044676615807377355
738,8.232,1.668585029298777,31.998,0.044676615807377355
739,8.222,1.6645467851640579,31.998,0.044676615807377355
740,8.208,1.6615462677879302,31.998,0.044676615807377355
741,8.201,1.6609030676111114,31.998,0.044676615807377355
742,8.195,1.6616181871898248,31.998,0.044676615807377355
743,8.181,1.6632014309758154,31.998,0.044676615807377355
744,8.168,1.668465162956662,31.998,0.044676615807377355
745,8.156,1.6696298991093805,31.998,0.044676615807377355
746,8.144,1.6766824386269452,31.998,0.044676615807377355
747,8.136,1.6797333121659521,31.998,0.044676615807377355
748,8.124,1.6788758143472078,31.998,0.044676615807377355
749,8.113,1.6793543402153102,31.998,0.044676615807377355
750,8.104,1.6808283672046946,31.998,0.044676615807377355
751,8.096,1.6789234646046258,31.998,0.044676615807377355
752,8.09,1.679255787543994,31.999,0.03160696125855822
753,8.083,1.674547998714877,31.999,0.03160696125855822
754,8.071,1.6756965715785184,31.999,0.03160696125855822
755,8.06,1.6776173580408615,31.999,0.03160696125855822
756,8.055,1.6733125828726683,31.999,0.03160696125855822
757,8.046,1.669096761724736,31.999,0.03160696125855822
758,8.039,1.6665770309229635,31.999,0.03160696125855822
759,8.036,1.665744278093129,31.999,0.03160696125855822
760,8.032,1.664624882668765,31.999,0.03160696125855822
761,8.021,1.669298954651323,31.999,0.03160696125855822
762,8.011,1.6639948918190826,31.999,0.03160696125855822
763,8.006,1.6625173683303285,31.999,0.03160696125855822
764,7.996,1.6595131816288775,31.999,0.03160696125855822
765,7.99,1.6612946758477256,31.999,0.03160696125855822
766,7.981,1.6585050497360567,31.999,0.03160696125855822
767,7.979,1.6584809314550468,31.999,0.03160696125855822
768,7.969,1.6486476276026967,31.999,0.03160696125855822
769,7.957,1.6435178733436395,31.999,0.03160696125855822
770,7.949,1.6432890798639173,31.999,0.03160696125855822
771,7.936,1.651031192921563,31.999,0.03160696125855822
772,7.93,1.6507876907706818,31.999,0.03160696125855822
773,7.918,1.6447723246698918,31.999,0.03160696125855822
774,7.902,1.6414615438687559,31.999,0.03160696125855822
775,7.896,1.6398731658271624,31.999,0.03160696125855822
776,7.887,1.6340841471601149,31.999,0.03160696125855822
777,7.875,1.634434152849236,31.999,0.03160696125855822
778,7.866,1.6340269275627008,31.999,0.03160696125855822
779,7.856,1.637456564309417,31.999,0.03160696125855822
780,7.85,1.6363068171953572,31.999,0.03160696125855822
781,7.845,1.6355350806387492,31.999,0.03160696125855822
782,7.832,1.631495019912718,31.999,0.03160696125855822
783,7.824,1.6337147853894203,31.999,0.03160696125855822
784,7.815,1.6348623795292374,31.999,0.03160696125855822
785,7.813,1.6370800224790478,31.999,0.03160696125855822
786,7.796,1.637187832840203,31.999,0.03160696125855822
787,7.792,1.6391265966971555,31.999,0.03160696125855822
788,7.775,1.6335161462318026,31.999,0.03160696125855822
789,7.766,1.6325575028157506,31.999,0.03160696125855822
790,7.759,1.6293922179757705,31.999,0.03160696125855822
791,7.753,1.6266502389880866,31.999,0.03160696125855822
792,7.744,1.621253835770328,31.999,0.03160696125855822
793,7.736,1.618735308813643,31.999,0.03160696125855822
794,7.734,1.6202604728869983,31.999,0.03160696125855822
795,7.73,1.6183633708163319,31.999,0.03160696125855822
796,7.723,1.6143949330941296,31.999,0.03160696125855822
797,7.713,1.6163635110951993,31.999,0.03160696125855822
798,7.699,1.6131952764622144,31.999,0.03160696125855822
799,7.69,1.6124205406778964,31.999,0.03160696125855822
800,7.678,1.6082027235395417,31.999,0.03160696125855822
801,7.672,1.6069897323878581,31.999,0.03160696125855822
802,7.664,1.6047130584624778,31.999,0.03160696125855822
803,7.652,1.5958997462246807,31.999,0.03160696125855822
804,7.644,1.5972676669863446,31.999,0.03160696125855822
805,7.643,1.5967313487246377,31.999,0.03160696125855822
806,7.634,1.5956327898360574,31.999,0.03160696125855822
807,7.617,1.59132366286686,31.999,0.03160696125855822
808,7.609,1.5868582167288925,31.999,0.03160696125855822
809,7.597,1.588896157714531,32.0,0.0
810,7.583,1.5878006801862756,32.0,0.0
811,7.572,1.585186424367809,32.0,0.0
812,7.565,1.5829639920099254,32.0,0.0
813,7.559,1.5806704273820018,32.0,0.0
814,7.553,1.5827795171785615,32.0,0.0
815,7.545,1.5779654622329349,32.0,0.0
816,7.538,1.5756128966215022,32.0,0.0
817,7.527,1.5790094996547677,32.0,0.0
818,7.518,1.5785043553946883,32.0,0.0
819,7.509,1.5798477774773114,32.0,0.0
820,7.502,1.574165175577201,32.0,0.0
821,7.493,1.5722439378162665,32.0,0.0
822,7.481,1.57023533268106,32.0,0.0
823,7.471,1.5675327747769743,32.0,0.0
824,7.467,1.565538565478347,32.0,0.0
825,7.459,1.5576645980441362,32.0,0.0
826,7.451,1.5593585219570258,32.0,0.0
827,7.443,1.5533032543582723,32.0,0.0
828,7.435,1.549766111385844,32.0,0.0
829,7.429,1.550793022940199,32.0,0.0
830,7.416,1.5469143479843996,32.0,0.0
831,7.408,1.547105684819237,32.0,0.0
832,7.401,1.550547967655306,32.0,0.0
833,7.39,1.5485154180698364,32.0,0.0
834,7.38,1.5490642336585012,32.0,0.0
835,7.377,1.5501196727994908,32.0,0.0
836,7.371,1.5464019529216846,32.0,0.0
837,7.365,1.545242699384145,32.0,0.0
838,7.359,1.544706768289697,32.0,0.0
839,7.351,1.5400646090343093,32.0,0.0
840,7.347,1.5396723677458137,32.0,0.0
841,7.335,1.5358303942818685,32.0,0.0
842,7.328,1.5324542407523953,32.0,0.0
843,7.321,1.5329575988917632,32.0,0.0
844,7.316,1.5343220001029771,32.0,0.0
845,7.309,1.5341183135599419,32.0,0.0
846,7.3,1.533623161014465,32.0,0.0
847,7.291,1.530463655236543,32.0,0.0
848,7.281,1.5244799113140193,32.0,0.0
849,7.273,1.5239655507917493,32.0,0.0
850,7.267,1.5237161809208433,32.0,0.0
851,7.254,1.521671449426584,32.0,0.0
852,7.241,1.523456267833114,32.0,0.0
853,7.226,1.5162203006159758,32.0,0.0
854,7.219,1.5109728654082442,32.0,0.0
855,7.215,1.5108855019491052,32.0,0.0
856,7.205,1.5129358876039658,32.0,0.0
857,7.191,1.5068241436876435,32.0,0.0
858,7.187,1.5040049866938607,32.0,0.0
859,7.177,1.5018891437120119,32.0,0.0
860,7.171,1.500586218782513,32.0,0.0
861,7.162,1.4972494782099608,32.0,0.0
862,7.159,1.4952320890082582,32.0,0.0
863,7.152,1.4942877902198088,32.0,0.0
864,7.144,1.4897194366725568,32.0,0.0
865,7.138,1.489616057915596,32.0,0.0
866,7.132,1.4908306409515468,32.0,0.0
867,7.122,1.4910117370430054,32.0,0.0
868,7.115,1.4939126480487406,32.0,0.0
869,7.107,1.4971810177797473,32.0,0.0
870,7.097,1.4925116414956368,32.0,0.0
871,7.087,1.4931279248610951,32.0,0.0
872,7.08,1.4951922953252532,32.0,0.0
873,7.074,1.4955012537607582,32.0,0.0
874,7.067,1.4934895379613478,32.0,0.0
875,7.058,1.482779821821163,32.0,0.0
876,7.052,1.4823278989481377,32.0,0.0
877,7.045,1.4788424527311894,32.0,0.0
878,7.036,1.4780744230247678,32.0,0.0
879,7.026,1.4742197936535786,32.0,0.0
880,7.016,1.4702870468041267,32.0,0.0
881,7.009,1.4679642366215877,32.0,0.0
882,7.0,1.46696966567138,32.0,0.0
883,6.99,1.466935581407718,32.0,0.0
884,6.978,1.4599712325932999,32.0,0.0
885,6.972,1.4605533198072571,32.0,0.0
886,6.961,1.4620119698552403,32.0,0.0
887,6.957,1.4591610603356984,32.0,0.0
888,6.947,1.4595173859875736,32.0,0.0
889,6.937,1.4550020618542092,32.0,0.0
890,6.935,1.4549140868106267,32.0,0.0
891,6.93,1.44882711183909,32.0,0.0
892,6.919,1.449289136093968,32.0,0.0
893,6.915,1.4476791771659907,32.0,0.0
894,6.908,1.4455227428165909,32.0,0.0
895,6.896,1.445400982426676,32.0,0.0
896,6.883,1.4502796282096775,32.0,0.0
897,6.876,1.447281589739882,32.0,0.0
898,6.863,1.4478366620582586,32.0,0.0
899,6.852,1.4484805832319603,32.0,0.0
900,6.841,1.4497306646408499,32.0,0.0
901,6.835,1.446296995779221,32.0,0.0
902,6.825,1.4471955638406304,32.0,0.0
903,6.813,1.4422312574618539,32.0,0.0
904,6.799,1.4375670419149151,32.0,0.0
905,6.791,1.4343357347566852,32.0,0.0
906,6.777,1.4322258900047855,32.0,0.0
907,6.768,1.43044608426882,32.0,0.0
908,6.757,1.425465187228366,32.0,0.0
909,6.745,1.4233674859290555,32.0,0.0
910,6.728,1.4149261464825647,32.0,0.0
911,6.719,1.4106874210823601,32.0,0.0
912,6.707,1.4117899985479427,32.0,0.0
913,6.698,1.4095375128034018,32.0,0.0
914,6.693,1.406680845110219,32.0,0.0
915,6.691,1.4076643776127888,32.0,0.0
916,6.685,1.407044775406952,32.0,0.0
917,6.677,1.4038058982637165,32.0,0.0
918,6.671,1.4002710451908944,32.0,0.0
919,6.661,1.402169390622973,32.0,0.0
920,6.658,1.398941028063728,32.0,0.0
921,6.652,1.4017474808252732,32.0,0.0
922,6.651,1.4018555560399224,32.0,0.0
923,6.643,1.4012676403885163,32.0,0.0
924,6.636,1.4005370398529273,32.0,0.0
925,6.624,1.3973632312323092,32.0,0.0
926,6.618,1.395734931854899,32.0,0.0
927,6.618,1.395734931854899,32.0,0.0
928,6.613,1.3925627454445275,32.0,0.0
929,6.603,1.394772741345342,32.0,0.0
930,6.592,1.3876368400990224,32.0,0.0
931,6.581,1.3876018881509207,32.0,0.0
932,6.571,1.3895895077324094,32.0,0.0
933,6.566,1.3826221465027964,32.0,0.0
934,6.558,1.3786355573537192,32.0,0.0
935,6.549,1.3782594095452423,32.0,0.0
936,6.541,1.3748887227699558,32.0,0.0
937,6.532,1.372215726480352,32.0,0.0
938,6.526,1.3708843860807518,32.0,0.0
939,6.517,1.3688356365904566,32.0,0.0
940,6.514,1.368138881839121,32.0,0.0
941,6.51,1.3703649149040558,32.0,0.0
942,6.507,1.3674615168259763,32.0,0.0
943,6.504,1.3638123038013699,32.0,0.0
944,6.498,1.3608805972604652,32.0,0.0
945,6.492,1.3652604147194778,32.0,0.0
946,6.485,1.3615340612705948,32.0,0.0
947,6.479,1.3607200299841258,32.0,0.0
948,6.473,1.3561972570389604,32.0,0.0
949,6.464,1.355250530344851,32.0,0.0
950,6.456,1.3513193552968892,32.0,0.0
951,6.444,1.352354982983388,32.0,0.0
952,6.44,1.3507035203922435,32.0,0.0
953,6.43,1.3450278807519194,32.0,0.0
954,6.413,1.3373223246472783,32.0,0.0
955,6.401,1.336487560735228,32.0,0.0
956,6.39,1.331878372825387,32.0,0.0
957,6.379,1.3248996188391027,32.0,0.0
958,6.371,1.323389209567616,32.0,0.0
959,6.361,1.321619839439466,32.0,0.0
960,6.347,1.3162792256964326,32.0,0.0
961,6.341,1.314046802819443,32.0,0.0
962,6.334,1.3101312911307783,32.0,0.0
963,6.329,1.307195088730064,32.0,0.0
964,6.324,1.3057656757626923,32.0,0.0
965,6.313,1.2988575749480773,32.0,0.0
966,6.304,1.2990704368893935,32.0,0.0
967,6.298,1.2966094246148299,32.0,0.0
968,6.286,1.286935895839416,32.0,0.0
969,6.275,1.279599546733274,32.0,0.0
970,6.27,1.2763620176109913,32.0,0.0
971,6.265,1.2738818626544612,32.0,0.0
972,6.256,1.2745446245620433,32.0,0.0
973,6.246,1.271803443933063,32.0,0.0
974,6.24,1.2674383614203888,32.0,0.0
975,6.227,1.2583604412091156,32.0,0.0
976,6.218,1.2515893895363606,32.0,0.0
977,6.207,1.236992724311667,32.0,0.0
978,6.198,1.234016207348996,32.0,0.0
979,6.186,1.2293917195100998,32.0,0.0
980,6.177,1.2270578633463052,32.0,0.0
981,6.169,1.2241074299259849,32.0,0.0
982,6.161,1.2178173097800837,32.0,0.0
983,6.15,1.216346989966268,32.0,0.0
984,6.142,1.2131924826671157,32.0,0.0
985,6.139,1.2123031799017934,32.0,0.0
986,6.129,1.2109331112823698,32.0,0.0
987,6.12,1.209793370786929,32.0,0.0
988,6.11,1.2074352984735868,32.0,0.0
989,6.101,1.2053211190384079,32.0,0.0
990,6.094,1.204642685612626,32.0,0.0
991,6.085,1.2007393555638959,32.0,0.0
992,6.075,1.1964008525573693,32.0,0.0
993,6.069,1.1950895363946585,32.0,0.0
994,6.066,1.1931655375512653,32.0,0.0
995,6.06,1.1867602959317438,32.0,0.0
996,6.047,1.184394782156693,32.0,0.0
997,6.043,1.180318177441998,32.0,0.0
998,6.039,1.1787616383306678,32.0,0.0
999,6.029,1.1756525847375152,32.0,0.0
1000,6.024,1.1693690606476639,32.0,0.0
1001,6.014,1.1661063416344155,32.0,0.0
1002,6.01,1.1644311916124541,32.0,0.0
1003,6.0,1.1575836902790226,32.0,0.0
1004,5.993,1.1484559199203077,32.0,0.0
1005,5.985,1.1413916943801545,32.0,0.0
1006,5.979,1.1377868868993,32.0,0.0
1007,5.973,1.1341388803845849,32.0,0.0
1008,5.965,1.1259551500836968,32.0,0.0
1009,5.953,1.1139079854278808,32.0,0.0
1010,5.948,1.1123380781039547,32.0,0.0
1011,5.942,1.1138384083878594,32.0,0.0
1012,5.938,1.1127245840728066,32.0,0.0
1013,5.928,1.1021869169972942,32.0,0.0
1014,5.921,1.0994357643809847,32.0,0.0
1015,5.911,1.0968495794775142,32.0,0.0
1016,5.901,1.0914206338529613,32.0,0.0
1017,5.896,1.0886615635724446,32.0,0.0
1018,5.891,1.085872460282514,32.0,0.0
1019,5.875,1.0730214350142313,32.0,0.0
1020,5.874,1.073370392734959,32.0,0.0
1021,5.872,1.0731337288520941,32.0,0.0
1022,5.859,1.0654196356365881,32.0,0.0
1023,5.854,1.066153835053835,32.0,0.0
1024,5.844,1.0590863987418588,32.0,0.0
1025,5.839,1.059754216788025,32.0,0.0
1026,5.833,1.056934718892326,32.0,0.0
1027,5.825,1.0546918981389777,32.0,0.0
1028,5.818,1.0501790323559121,32.0,0.0
1029,5.814,1.0475705226857044,32.0,0.0
1030,5.802,1.0396133896790671,32.0,0.0
1031,5.794,1.0380578018588367,32.0,0.0
1032,5.787,1.0380900731632106,32.0,0.0
1033,5.779,1.0344848959748034,32.0,0.0
1034,5.771,1.0337112749699502,32.0,0.0
1035,5.765,1.0284818909441236,32.0,0.0
1036,5.76,1.0278132126023678,32.0,0.0
1037,5.756,1.0258966809576877,32.0,0.0
1038,5.748,1.0200470577380243,32.0,0.0
1039,5.745,1.0197916453864486,32.0,0.0
1040,5.738,1.0175244468807616,32.0,0.0
1041,5.724,1.0019101756145607,32.0,0.0
1042,5.719,1.0010189808390249,32.0,0.0
1043,5.714,0.9981001953711863,32.0,0.0
1044,5.707,0.9975725537523574,32.0,0.0
1045,5.696,0.9957831089147876,32.0,0.0
1046,5.688,0.9912900685470424,32.0,0.0
1047,5.679,0.9889180956985265,32.0,0.0
1048,5.667,0.9747363746162344,32.0,0.0
1049,5.662,0.9683780253599313,32.0,0.0
1050,5.653,0.9646714466594313,32.0,0.0
1051,5.649,0.95697387634146,32.0,0.0
1052,5.638,0.9428446319516275,32.0,0.0
1053,5.633,0.9382489008786528,32.0,0.0
1054,5.623,0.9289084992613642,32.0,0.0
1055,5.612,0.9249086441373549,32.0,0.0
1056,5.596,0.9114735322542284,32.0,0.0
1057,5.587,0.9002394126008926,32.0,0.0
1058,5.583,0.9006170107209834,32.0,0.0
1059,5.57,0.8860586888011425,32.0,0.0
1060,5.556,0.8653692853343018,32.0,0.0
1061,5.549,0.8588358399601171,32.0,0.0
1062,5.545,0.856723409275129,32.0,0.0
1063,5.542,0.8545384719250503,32.0,0.0
1064,5.527,0.8409940546757748,32.0,0.0
1065,5.518,0.8364663770887626,32.0,0.0
1066,5.511,0.8305895496573502,32.0,0.0
1067,5.504,0.8294480092205901,32.0,0.0
1068,5.497,0.8221867184526882,32.0,0.0
1069,5.49,0.8160269603389338,32.0,0.0
1070,5.482,0.8072645167477633,32.0,0.0
1071,5.472,0.8032533846800772,32.0,0.0
1072,5.465,0.7954715582596275,32.0,0.0
1073,5.458,0.7862798484000464,32.0,0.0
1074,5.455,0.784840748177616,32.0,0.0
1075,5.45,0.7781388050984221,32.0,0.0
1076,5.441,0.7684523407472971,32.0,0.0
1077,5.436,0.7628263236150152,32.0,0.0
1078,5.426,0.7540053050211251,32.0,0.0
1079,5.418,0.7491835556123747,32.0,0.0
1080,5.413,0.7459430273150892,32.0,0.0
1081,5.409,0.7441229737079753,32.0,0.0
1082,5.393,0.7283893189771524,32.0,0.0
1083,5.387,0.7261067414643663,32.0,0.0
1084,5.372,0.7124717538260728,32.0,0.0
1085,5.37,0.7121095421351972,32.0,0.0
1086,5.365,0.7097710898592589,32.0,0.0
1087,5.363,0.7093877642023437,32.0,0.0
1088,5.35,0.6910137480542625,32.0,0.0
1089,5.345,0.6884584228550044,32.0,0.0
1090,5.338,0.6839268966782927,32.0,0.0
1091,5.331,0.6778192974532371,32.0,0.0
1092,5.318,0.6639849395882409,32.0,0.0
1093,5.311,0.6605141936400761,32.0,0.0
1094,5.306,0.657543914883257,32.0,0.0
1095,5.305,0.6572480505866868,32.0,0.0
1096,5.297,0.6486840525248019,32.0,0.0
1097,5.29,0.6433506042586733,32.0,0.0
1098,5.285,0.6354329232893114,32.0,0.0
1099,5.273,0.6216679177824765,32.0,0.0
1100,5.263,0.6114172061694044,32.0,0.0
1101,5.259,0.6065632695770492,32.0,0.0
1102,5.258,0.6061649940404015,32.0,0.0
1103,5.246,0.5928608605735413,32.0,0.0
1104,5.242,0.5877380368837803,32.0,0.0
1105,5.229,0.5732006629444876,32.0,0.0
1106,5.221,0.5658259449689453,32.0,0.0
1107,5.215,0.5592629077634238,32.0,0.0
1108,5.211,0.5554088584097305,32.0,0.0
1109,5.205,0.5486118846689343,32.0,0.0
1110,5.198,0.5411062742197691,32.0,0.0
1111,5.197,0.5405469452323267,32.0,0.0
1112,5.19,0.5252618394667559,32.0,0.0
1113,5.183,0.5152775950883174,32.0,0.0
1114,5.176,0.5069753445681554,32.0,0.0
1115,5.174,0.5056916056254048,32.0,0.0
1116,5.17,0.501098792654702,32.0,0.0
1117,5.158,0.48273802419117556,32.0,0.0
1118,5.151,0.46281637827544525,32.0,0.0
1119,5.144,0.45306070233468715,32.0,0.0
1120,5.139,0.44685456246971444,32.0,0.0
1121,5.132,0.434253382255107,32.0,0.0
1122,5.124,0.4202665820642893,32.0,0.0
1123,5.114,0.40373753850738225,32.0,0.0
1124,5.105,0.3898397106504159,32.0,0.0
1125,5.097,0.3762857956394315,32.0,0.0
1126,5.09,0.36318039594669754,32.0,0.0
1127,5.08,0.34,32.0,0.0
1128,5.071,0.3193101940120296,32.0,0.0
1129,5.064,0.29983995731056257,32.0,0.0
1130,5.056,0.2808273490954896,32.0,0.0
1131,5.048,0.26018454988719064,32.0,0.0
1132,5.04,0.233238075793812,32.0,0.0
1133,5.033,0.21426852311993938,32.0,0.0
1134,5.029,0.20532656915265496,32.0,0.0
1135,5.02,0.16613247725836147,32.0,0.0
1136,5.014,0.14072668545801822,32.0,0.0
1137,5.007,0.09460972465872629,32.0,0.0
1138,5.0,0.0,32.0,0.0
