,Core genome (mean),Core genome (std),Pan genome (mean),Pan genome (std)
0,23.1,1.57797338380595,23.1,1.57797338380595
1,20.8,1.6,24.9,1.3
2,19.6,0.9165151389911679,26.9,0.9433981132056604
3,19.1,0.7000000000000001,27.5,0.806225774829855
4,19.0,0.7745966692414834,27.8,1.0770329614269007
5,18.8,0.8717797887081348,28.3,1.0999999999999999
6,18.4,0.66332495807108,28.5,1.118033988749895
7,18.4,0.66332495807108,28.5,1.118033988749895
8,18.2,0.4,28.5,1.118033988749895
9,18.1,0.5385164807134504,28.6,1.2
10,18.0,0.6324555320336759,28.6,1.2
11,17.9,0.5385164807134504,28.9,0.9433981132056604
12,17.8,0.6,29.0,1.0
13,17.6,0.4898979485566356,29.2,1.16619037896906
14,17.6,0.4898979485566356,29.2,1.16619037896906
15,17.6,0.4898979485566356,29.2,1.16619037896906
16,17.6,0.4898979485566356,29.3,1.268857754044952
17,17.5,0.5,29.3,1.268857754044952
18,17.5,0.5,29.4,1.3564659966250538
19,17.5,0.5,29.4,1.3564659966250538
20,17.4,0.4898979485566356,29.5,1.284523257866513
21,17.4,0.4898979485566356,29.6,1.2806248474865698
22,17.4,0.4898979485566356,29.6,1.2806248474865698
23,17.2,0.4,29.7,1.1874342087037917
24,17.1,0.5385164807134504,29.7,1.1874342087037917
25,17.1,0.5385164807134504,29.7,1.1874342087037917
26,17.1,0.5385164807134504,29.8,0.9797958971132712
27,17.1,0.5385164807134504,29.9,0.9433981132056604
28,17.1,0.5385164807134504,29.9,0.9433981132056604
29,17.1,0.5385164807134504,30.0,0.8944271909999159
30,17.0,0.4472135954999579,30.0,0.8944271909999159
31,16.8,0.6,30.2,0.6
32,16.8,0.6,30.2,0.6
33,16.8,0.6,30.2,0.6
34,16.8,0.6,30.2,0.6
35,16.8,0.6,30.2,0.6
36,16.8,0.6,30.2,0.6
37,16.7,0.6403124237432849,30.2,0.6
38,16.7,0.6403124237432849,30.2,0.6
39,16.7,0.6403124237432849,30.2,0.6
40,16.7,0.6403124237432849,30.2,0.6
41,16.7,0.6403124237432849,30.2,0.6
42,16.7,0.6403124237432849,30.3,0.45825756949558405
43,16.7,0.6403124237432849,30.3,0.45825756949558405
44,16.6,0.66332495807108,30.3,0.45825756949558405
45,16.4,1.019803902718557,30.4,0.4898979485566356
46,16.3,1.1,30.5,0.5
47,16.2,1.16619037896906,30.6,0.4898979485566356
48,16.2,1.16619037896906,30.6,0.4898979485566356
49,16.2,1.16619037896906,30.7,0.6403124237432849
50,16.2,1.16619037896906,30.7,0.6403124237432849
51,16.2,1.16619037896906,30.7,0.6403124237432849
52,15.9,1.1357816691600546,30.8,0.6
53,15.9,1.1357816691600546,30.8,0.6
54,15.9,1.1357816691600546,30.8,0.6
55,15.8,1.2489995996796797,30.9,0.7
56,15.8,1.2489995996796797,30.9,0.7
57,15.8,1.2489995996796797,30.9,0.7
58,15.8,1.2489995996796797,30.9,0.7
59,15.8,1.2489995996796797,30.9,0.7
60,15.8,1.2489995996796797,31.0,0.6324555320336759
61,15.8,1.2489995996796797,31.0,0.6324555320336759
62,15.8,1.2489995996796797,31.0,0.6324555320336759
63,15.8,1.2489995996796797,31.0,0.6324555320336759
64,15.8,1.2489995996796797,31.0,0.6324555320336759
65,15.8,1.2489995996796797,31.0,0.6324555320336759
66,15.8,1.2489995996796797,31.0,0.6324555320336759
67,15.8,1.2489995996796797,31.0,0.6324555320336759
68,15.8,1.2489995996796797,31.0,0.6324555320336759
69,15.8,1.2489995996796797,31.0,0.6324555320336759
70,15.8,1.2489995996796797,31.0,0.6324555320336759
71,15.6,1.624807680927192,31.0,0.6324555320336759
72,15.5,1.5652475842498528,31.0,0.6324555320336759
73,15.3,1.6155494421403513,31.0,0.6324555320336759
74,15.3,1.6155494421403513,31.0,0.6324555320336759
75,15.3,1.6155494421403513,31.0,0.6324555320336759
76,15.3,1.6155494421403513,31.0,0.6324555320336759
77,15.3,1.6155494421403513,31.1,0.5385164807134504
78,15.2,1.8330302779823362,31.2,0.6
79,15.2,1.8330302779823362,31.2,0.6
80,15.2,1.8330302779823362,31.2,0.6
81,15.1,1.8138357147217055,31.2,0.6
82,14.9,2.118962010041709,31.2,0.6
83,14.9,2.118962010041709,31.2,0.6
84,14.9,2.118962010041709,31.2,0.6
85,14.9,2.118962010041709,31.2,0.6
86,14.9,2.118962010041709,31.2,0.6
87,14.9,2.118962010041709,31.2,0.6
88,14.9,2.118962010041709,31.2,0.6
89,14.9,2.118962010041709,31.2,0.6
90,14.9,2.118962010041709,31.2,0.6
91,14.8,2.181742422927143,31.2,0.6
92,14.8,2.181742422927143,31.2,0.6
93,14.6,2.0591260281974,31.2,0.6
94,14.6,2.0591260281974,31.2,0.6
95,14.6,2.0591260281974,31.2,0.6
96,14.6,2.0591260281974,31.2,0.6
97,14.6,2.0591260281974,31.2,0.6
98,14.6,2.0591260281974,31.2,0.6
99,14.4,2.009975124224178,31.2,0.6
100,14.3,2.0024984394500787,31.2,0.6
101,14.3,2.0024984394500787,31.2,0.6
102,14.3,2.0024984394500787,31.2,0.6
103,14.3,2.0024984394500787,31.2,0.6
104,14.2,2.181742422927143,31.3,0.6403124237432849
105,14.2,2.181742422927143,31.3,0.6403124237432849
106,14.1,2.118962010041709,31.3,0.6403124237432849
107,14.1,2.118962010041709,31.3,0.6403124237432849
108,14.0,2.1447610589527217,31.3,0.6403124237432849
109,14.0,2.1447610589527217,31.3,0.6403124237432849
110,14.0,2.1447610589527217,31.3,0.6403124237432849
111,14.0,2.1447610589527217,31.3,0.6403124237432849
112,14.0,2.1447610589527217,31.3,0.6403124237432849
113,14.0,2.1447610589527217,31.3,0.6403124237432849
114,14.0,2.1447610589527217,31.3,0.6403124237432849
115,14.0,2.1447610589527217,31.3,0.6403124237432849
116,14.0,2.1447610589527217,31.3,0.6403124237432849
117,14.0,2.1447610589527217,31.3,0.6403124237432849
118,13.9,2.3,31.3,0.6403124237432849
119,13.9,2.3,31.3,0.6403124237432849
120,13.9,2.3,31.3,0.6403124237432849
121,13.9,2.3,31.3,0.6403124237432849
122,13.9,2.3,31.3,0.6403124237432849
123,13.9,2.3,31.3,0.6403124237432849
124,13.9,2.3,31.3,0.6403124237432849
125,13.9,2.3,31.3,0.6403124237432849
126,13.9,2.3,31.3,0.6403124237432849
127,13.9,2.3,31.3,0.6403124237432849
128,13.9,2.3,31.3,0.6403124237432849
129,13.9,2.3,31.3,0.6403124237432849
130,13.9,2.3,31.5,0.5
131,13.9,2.3,31.5,0.5
132,13.9,2.3,31.5,0.5
133,13.9,2.3,31.5,0.5
134,13.9,2.3,31.5,0.5
135,13.9,2.3,31.5,0.5
136,13.9,2.3,31.5,0.5
137,13.9,2.3,31.5,0.5
138,13.9,2.3,31.5,0.5
139,13.9,2.3,31.5,0.5
140,13.9,2.3,31.5,0.5
141,13.9,2.3,31.5,0.5
142,13.9,2.3,31.5,0.5
143,13.9,2.3,31.5,0.5
144,13.9,2.3,31.5,0.5
145,13.9,2.3,31.5,0.5
146,13.9,2.3,31.5,0.5
147,13.9,2.3,31.5,0.5
148,13.9,2.3,31.5,0.5
149,13.9,2.3,31.5,0.5
150,13.9,2.3,31.5,0.5
151,13.9,2.3,31.5,0.5
152,13.9,2.3,31.5,0.5
153,13.8,2.2271057451320084,31.5,0.5
154,13.8,2.2271057451320084,31.5,0.5
155,13.8,2.2271057451320084,31.5,0.5
156,13.8,2.2271057451320084,31.5,0.5
157,13.8,2.2271057451320084,31.6,0.4898979485566356
158,13.8,2.2271057451320084,31.6,0.4898979485566356
159,13.7,2.1931712199461306,31.6,0.4898979485566356
160,13.7,2.1931712199461306,31.6,0.4898979485566356
161,13.7,2.1931712199461306,31.6,0.4898979485566356
162,13.7,2.1931712199461306,31.6,0.4898979485566356
163,13.7,2.1931712199461306,31.6,0.4898979485566356
164,13.7,2.1931712199461306,31.6,0.4898979485566356
165,13.7,2.1931712199461306,31.6,0.4898979485566356
166,13.7,2.1931712199461306,31.6,0.4898979485566356
167,13.7,2.1931712199461306,31.6,0.4898979485566356
168,13.7,2.1931712199461306,31.6,0.4898979485566356
169,13.7,2.1931712199461306,31.6,0.4898979485566356
170,13.7,2.1931712199461306,31.6,0.4898979485566356
171,13.7,2.1931712199461306,31.6,0.4898979485566356
172,13.7,2.1931712199461306,31.6,0.4898979485566356
173,13.7,2.1931712199461306,31.6,0.4898979485566356
174,13.7,2.1931712199461306,31.6,0.4898979485566356
175,13.7,2.1931712199461306,31.6,0.4898979485566356
176,13.7,2.1931712199461306,31.6,0.4898979485566356
177,13.7,2.1931712199461306,31.6,0.4898979485566356
178,13.7,2.1931712199461306,31.6,0.4898979485566356
179,13.7,2.1931712199461306,31.6,0.4898979485566356
180,13.7,2.1931712199461306,31.6,0.4898979485566356
181,13.7,2.1931712199461306,31.6,0.4898979485566356
182,13.7,2.1931712199461306,31.6,0.4898979485566356
183,13.7,2.1931712199461306,31.6,0.4898979485566356
184,13.7,2.1931712199461306,31.6,0.4898979485566356
185,13.7,2.1931712199461306,31.6,0.4898979485566356
186,13.7,2.1931712199461306,31.6,0.4898979485566356
187,13.7,2.1931712199461306,31.6,0.4898979485566356
188,13.7,2.1931712199461306,31.6,0.4898979485566356
189,13.7,2.1931712199461306,31.6,0.4898979485566356
190,13.7,2.1931712199461306,31.6,0.4898979485566356
191,13.7,2.1931712199461306,31.6,0.4898979485566356
192,13.7,2.1931712199461306,31.6,0.4898979485566356
193,13.7,2.1931712199461306,31.6,0.4898979485566356
194,13.7,2.1931712199461306,31.6,0.4898979485566356
195,13.7,2.1931712199461306,31.6,0.4898979485566356
196,13.7,2.1931712199461306,31.6,0.4898979485566356
197,13.7,2.1931712199461306,31.6,0.4898979485566356
198,13.7,2.1931712199461306,31.6,0.4898979485566356
199,13.7,2.1931712199461306,31.6,0.4898979485566356
200,13.7,2.1931712199461306,31.6,0.4898979485566356
201,13.6,2.1999999999999997,31.6,0.4898979485566356
202,13.5,2.3769728648009427,31.6,0.4898979485566356
203,13.5,2.3769728648009427,31.6,0.4898979485566356
204,13.5,2.3769728648009427,31.6,0.4898979485566356
205,13.5,2.3769728648009427,31.6,0.4898979485566356
206,13.5,2.3769728648009427,31.6,0.4898979485566356
207,13.5,2.3769728648009427,31.6,0.4898979485566356
208,13.5,2.3769728648009427,31.6,0.4898979485566356
209,13.4,2.4166091947189146,31.6,0.4898979485566356
210,13.4,2.4166091947189146,31.7,0.45825756949558394
211,13.4,2.4166091947189146,31.7,0.45825756949558394
212,13.4,2.4166091947189146,31.7,0.45825756949558394
213,13.4,2.4166091947189146,31.7,0.45825756949558394
214,13.4,2.4166091947189146,31.7,0.45825756949558394
215,13.4,2.4166091947189146,31.7,0.45825756949558394
216,13.4,2.4166091947189146,31.7,0.45825756949558394
217,13.4,2.4166091947189146,31.7,0.45825756949558394
218,13.4,2.4166091947189146,31.7,0.45825756949558394
219,13.4,2.4166091947189146,31.7,0.45825756949558394
220,13.3,2.6095976701399777,31.7,0.45825756949558394
221,13.3,2.6095976701399777,31.7,0.45825756949558394
222,13.3,2.6095976701399777,31.7,0.45825756949558394
223,13.3,2.6095976701399777,31.7,0.45825756949558394
224,13.3,2.6095976701399777,31.7,0.45825756949558394
225,13.3,2.6095976701399777,31.7,0.45825756949558394
226,13.3,2.6095976701399777,31.7,0.45825756949558394
227,13.3,2.6095976701399777,31.7,0.45825756949558394
228,13.3,2.6095976701399777,31.7,0.45825756949558394
229,13.3,2.6095976701399777,31.7,0.45825756949558394
230,13.3,2.6095976701399777,31.7,0.45825756949558394
231,13.2,2.6,31.7,0.45825756949558394
232,13.2,2.6,31.7,0.45825756949558394
233,13.0,2.6832815729997477,31.7,0.45825756949558394
234,13.0,2.6832815729997477,31.7,0.45825756949558394
235,13.0,2.6832815729997477,31.7,0.45825756949558394
236,13.0,2.6832815729997477,31.7,0.45825756949558394
237,13.0,2.6832815729997477,31.7,0.45825756949558394
238,13.0,2.6832815729997477,31.7,0.45825756949558394
239,13.0,2.6832815729997477,31.7,0.45825756949558394
240,13.0,2.6832815729997477,31.7,0.45825756949558394
241,12.8,2.821347195933177,31.7,0.45825756949558394
242,12.8,2.821347195933177,31.7,0.45825756949558394
243,12.8,2.821347195933177,31.7,0.45825756949558394
244,12.8,2.821347195933177,31.7,0.45825756949558394
245,12.8,2.821347195933177,31.7,0.45825756949558394
246,12.8,2.821347195933177,31.7,0.45825756949558394
247,12.8,2.821347195933177,31.7,0.45825756949558394
248,12.8,2.821347195933177,31.7,0.45825756949558394
249,12.8,2.821347195933177,31.7,0.45825756949558394
250,12.8,2.821347195933177,31.7,0.45825756949558394
251,12.8,2.821347195933177,31.7,0.45825756949558394
252,12.8,2.821347195933177,31.7,0.45825756949558394
253,12.8,2.821347195933177,31.7,0.45825756949558394
254,12.8,2.821347195933177,31.7,0.45825756949558394
255,12.7,2.758622844826744,31.7,0.45825756949558394
256,12.7,2.758622844826744,31.7,0.45825756949558394
257,12.7,2.758622844826744,31.7,0.45825756949558394
258,12.7,2.758622844826744,31.7,0.45825756949558394
259,12.7,2.758622844826744,31.7,0.45825756949558394
260,12.7,2.758622844826744,31.7,0.45825756949558394
261,12.7,2.758622844826744,31.7,0.45825756949558394
262,12.7,2.758622844826744,31.7,0.45825756949558394
263,12.7,2.758622844826744,31.7,0.45825756949558394
264,12.7,2.758622844826744,31.7,0.45825756949558394
265,12.6,2.870540018881465,31.7,0.45825756949558394
266,12.5,2.8722813232690143,31.7,0.45825756949558394
267,12.5,2.8722813232690143,31.7,0.45825756949558394
268,12.5,2.8722813232690143,31.7,0.45825756949558394
269,12.5,2.8722813232690143,31.7,0.45825756949558394
270,12.5,2.8722813232690143,31.8,0.4
271,12.5,2.8722813232690143,31.8,0.4
272,12.5,2.8722813232690143,31.8,0.4
273,12.5,2.8722813232690143,31.8,0.4
274,12.5,2.8722813232690143,31.8,0.4
275,12.5,2.8722813232690143,31.8,0.4
276,12.5,2.8722813232690143,31.8,0.4
277,12.5,2.8722813232690143,31.8,0.4
278,12.5,2.8722813232690143,31.8,0.4
279,12.5,2.8722813232690143,31.8,0.4
280,12.5,2.8722813232690143,31.8,0.4
281,12.5,2.8722813232690143,31.8,0.4
282,12.5,2.8722813232690143,31.8,0.4
283,12.4,2.8000000000000003,31.8,0.4
284,12.4,2.8000000000000003,31.8,0.4
285,12.4,2.8000000000000003,31.8,0.4
286,12.4,2.8000000000000003,31.8,0.4
287,12.4,2.8000000000000003,31.8,0.4
288,12.4,2.8000000000000003,31.8,0.4
289,12.4,2.8000000000000003,31.8,0.4
290,12.4,2.8000000000000003,31.8,0.4
291,12.3,2.7946377224964243,31.8,0.4
292,12.3,2.7946377224964243,31.8,0.4
293,12.3,2.7946377224964243,31.8,0.4
294,12.3,2.7946377224964243,31.8,0.4
295,12.3,2.7946377224964243,31.8,0.4
296,12.3,2.7946377224964243,31.8,0.4
297,12.3,2.7946377224964243,31.8,0.4
298,12.3,2.7946377224964243,31.8,0.4
299,12.3,2.7946377224964243,31.8,0.4
300,12.3,2.7946377224964243,31.8,0.4
301,12.3,2.7946377224964243,31.8,0.4
302,12.3,2.7946377224964243,31.8,0.4
303,12.3,2.7946377224964243,31.8,0.4
304,12.3,2.7946377224964243,31.8,0.4
305,12.2,2.638181191654584,31.8,0.4
306,12.2,2.638181191654584,31.8,0.4
307,12.2,2.638181191654584,31.8,0.4
308,12.2,2.638181191654584,31.8,0.4
309,12.2,2.638181191654584,31.8,0.4
310,12.1,2.6627053911388696,31.8,0.4
311,12.1,2.6627053911388696,31.8,0.4
312,12.1,2.6627053911388696,31.8,0.4
313,12.1,2.6627053911388696,31.8,0.4
314,12.1,2.6627053911388696,31.8,0.4
315,12.1,2.6627053911388696,31.8,0.4
316,12.1,2.6627053911388696,31.8,0.4
317,12.0,2.5298221281347035,31.8,0.4
318,12.0,2.5298221281347035,31.8,0.4
319,11.9,2.5865034312755126,31.8,0.4
320,11.9,2.5865034312755126,31.8,0.4
321,11.9,2.5865034312755126,31.8,0.4
322,11.9,2.5865034312755126,31.8,0.4
323,11.9,2.5865034312755126,31.8,0.4
324,11.9,2.5865034312755126,31.8,0.4
325,11.9,2.5865034312755126,31.8,0.4
326,11.9,2.5865034312755126,31.8,0.4
327,11.9,2.5865034312755126,31.8,0.4
328,11.9,2.5865034312755126,31.8,0.4
329,11.9,2.5865034312755126,31.8,0.4
330,11.9,2.5865034312755126,31.8,0.4
331,11.9,2.5865034312755126,31.8,0.4
332,11.9,2.5865034312755126,31.8,0.4
333,11.8,2.521904042583698,31.8,0.4
334,11.8,2.521904042583698,31.8,0.4
335,11.8,2.521904042583698,31.8,0.4
336,11.8,2.521904042583698,31.8,0.4
337,11.7,2.3685438564654024,31.8,0.4
338,11.7,2.3685438564654024,31.8,0.4
339,11.7,2.3685438564654024,31.8,0.4
340,11.7,2.3685438564654024,31.8,0.4
341,11.7,2.3685438564654024,31.8,0.4
342,11.7,2.3685438564654024,31.8,0.4
343,11.7,2.3685438564654024,31.8,0.4
344,11.7,2.3685438564654024,31.8,0.4
345,11.7,2.3685438564654024,31.8,0.4
346,11.7,2.3685438564654024,31.8,0.4
347,11.7,2.3685438564654024,31.8,0.4
348,11.7,2.3685438564654024,31.8,0.4
349,11.7,2.3685438564654024,31.8,0.4
350,11.6,2.3323807579381204,31.8,0.4
351,11.5,2.3345235059857505,31.8,0.4
352,11.3,2.3685438564654024,31.8,0.4
353,11.3,2.3685438564654024,31.8,0.4
354,11.3,2.3685438564654024,31.8,0.4
355,11.3,2.3685438564654024,31.8,0.4
356,11.3,2.3685438564654024,31.8,0.4
357,11.3,2.3685438564654024,31.8,0.4
358,11.3,2.3685438564654024,31.8,0.4
359,11.3,2.3685438564654024,31.8,0.4
360,11.3,2.3685438564654024,31.8,0.4
361,11.3,2.3685438564654024,31.8,0.4
362,11.3,2.3685438564654024,31.8,0.4
363,11.2,2.227105745132009,31.8,0.4
364,11.2,2.227105745132009,31.8,0.4
365,11.2,2.227105745132009,31.8,0.4
366,11.2,2.227105745132009,31.8,0.4
367,11.2,2.227105745132009,31.8,0.4
368,11.2,2.227105745132009,31.8,0.4
369,11.2,2.227105745132009,31.8,0.4
370,11.2,2.227105745132009,31.8,0.4
371,11.2,2.227105745132009,31.8,0.4
372,11.1,2.118962010041709,31.8,0.4
373,11.1,2.118962010041709,31.8,0.4
374,11.1,2.118962010041709,31.8,0.4
375,11.1,2.118962010041709,31.8,0.4
376,11.0,2.0,31.8,0.4
377,11.0,2.0,31.8,0.4
378,11.0,2.0,31.8,0.4
379,11.0,2.0,31.8,0.4
380,11.0,2.0,31.8,0.4
381,11.0,2.0,31.8,0.4
382,11.0,2.0,31.8,0.4
383,11.0,2.0,31.8,0.4
384,11.0,2.0,31.8,0.4
385,11.0,2.0,31.8,0.4
386,11.0,2.0,31.8,0.4
387,11.0,2.0,31.8,0.4
388,11.0,2.0,31.8,0.4
389,11.0,2.0,31.8,0.4
390,11.0,2.0,31.8,0.4
391,11.0,2.0,31.8,0.4
392,11.0,2.0,31.8,0.4
393,11.0,2.0,31.8,0.4
394,11.0,2.0,31.8,0.4
395,11.0,2.0,31.8,0.4
396,11.0,2.0,31.8,0.4
397,11.0,2.0,31.8,0.4
398,11.0,2.0,31.8,0.4
399,11.0,2.0,31.8,0.4
400,11.0,2.0,31.8,0.4
401,11.0,2.0,31.8,0.4
402,11.0,2.0,31.8,0.4
403,11.0,2.0,31.8,0.4
404,11.0,2.0,31.8,0.4
405,11.0,2.0,31.8,0.4
406,11.0,2.0,31.8,0.4
407,11.0,2.0,31.8,0.4
408,11.0,2.0,31.8,0.4
409,11.0,2.0,31.8,0.4
410,11.0,2.0,31.8,0.4
411,10.9,1.8138357147217055,31.8,0.4
412,10.9,1.8138357147217055,31.8,0.4
413,10.9,1.8138357147217055,31.8,0.4
414,10.9,1.8138357147217055,31.8,0.4
415,10.9,1.8138357147217055,31.8,0.4
416,10.9,1.8138357147217055,31.8,0.4
417,10.9,1.8138357147217055,31.8,0.4
418,10.9,1.8138357147217055,31.8,0.4
419,10.9,1.8138357147217055,31.8,0.4
420,10.9,1.8138357147217055,31.8,0.4
421,10.9,1.8138357147217055,31.8,0.4
422,10.9,1.8138357147217055,31.8,0.4
423,10.9,1.8138357147217055,31.8,0.4
424,10.9,1.8138357147217055,31.8,0.4
425,10.9,1.8138357147217055,31.8,0.4
426,10.9,1.8138357147217055,31.8,0.4
427,10.9,1.8138357147217055,31.8,0.4
428,10.8,1.8867962264113207,31.8,0.4
429,10.8,1.8867962264113207,31.8,0.4
430,10.8,1.8867962264113207,31.8,0.4
431,10.8,1.8867962264113207,31.8,0.4
432,10.8,1.8867962264113207,31.8,0.4
433,10.8,1.8867962264113207,31.8,0.4
434,10.8,1.8867962264113207,31.8,0.4
435,10.8,1.8867962264113207,31.8,0.4
436,10.8,1.8867962264113207,31.8,0.4
437,10.8,1.8867962264113207,31.8,0.4
438,10.8,1.8867962264113207,31.8,0.4
439,10.8,1.8867962264113207,31.8,0.4
440,10.8,1.8867962264113207,31.8,0.4
441,10.8,1.8867962264113207,31.8,0.4
442,10.8,1.8867962264113207,31.8,0.4
443,10.8,1.8867962264113207,31.8,0.4
444,10.8,1.8867962264113207,31.8,0.4
445,10.8,1.8867962264113207,31.8,0.4
446,10.8,1.8867962264113207,31.8,0.4
447,10.8,1.8867962264113207,31.8,0.4
448,10.8,1.8867962264113207,31.8,0.4
449,10.8,1.8867962264113207,31.8,0.4
450,10.8,1.8867962264113207,31.8,0.4
451,10.8,1.8867962264113207,31.8,0.4
452,10.8,1.8867962264113207,31.8,0.4
453,10.8,1.8867962264113207,31.8,0.4
454,10.8,1.8867962264113207,31.8,0.4
455,10.8,1.8867962264113207,31.8,0.4
456,10.8,1.8867962264113207,31.8,0.4
457,10.8,1.8867962264113207,31.8,0.4
458,10.8,1.8867962264113207,31.8,0.4
459,10.8,1.8867962264113207,31.8,0.4
460,10.8,1.8867962264113207,31.8,0.4
461,10.8,1.8867962264113207,31.8,0.4
462,10.8,1.8867962264113207,31.8,0.4
463,10.8,1.8867962264113207,31.8,0.4
464,10.8,1.8867962264113207,31.8,0.4
465,10.8,1.8867962264113207,31.9,0.3
466,10.8,1.8867962264113207,31.9,0.3
467,10.8,1.8867962264113207,31.9,0.3
468,10.8,1.8867962264113207,31.9,0.3
469,10.8,1.8867962264113207,32.0,0.0
470,10.8,1.8867962264113207,32.0,0.0
471,10.8,1.8867962264113207,32.0,0.0
472,10.8,1.8867962264113207,32.0,0.0
473,10.7,2.0024984394500787,32.0,0.0
474,10.7,2.0024984394500787,32.0,0.0
475,10.5,2.1563858652847827,32.0,0.0
476,10.5,2.1563858652847827,32.0,0.0
477,10.5,2.1563858652847827,32.0,0.0
478,10.4,2.2891046284519194,32.0,0.0
479,10.4,2.2891046284519194,32.0,0.0
480,10.4,2.2891046284519194,32.0,0.0
481,10.4,2.2891046284519194,32.0,0.0
482,10.4,2.2891046284519194,32.0,0.0
483,10.4,2.2891046284519194,32.0,0.0
484,10.4,2.2891046284519194,32.0,0.0
485,10.4,2.2891046284519194,32.0,0.0
486,10.4,2.2891046284519194,32.0,0.0
487,10.4,2.2891046284519194,32.0,0.0
488,10.4,2.2891046284519194,32.0,0.0
489,10.4,2.2891046284519194,32.0,0.0
490,10.4,2.2891046284519194,32.0,0.0
491,10.4,2.2891046284519194,32.0,0.0
492,10.4,2.2891046284519194,32.0,0.0
493,10.4,2.2891046284519194,32.0,0.0
494,10.4,2.2891046284519194,32.0,0.0
495,10.4,2.2891046284519194,32.0,0.0
496,10.4,2.2891046284519194,32.0,0.0
497,10.4,2.2891046284519194,32.0,0.0
498,10.4,2.2891046284519194,32.0,0.0
499,10.4,2.2891046284519194,32.0,0.0
500,10.4,2.2891046284519194,32.0,0.0
501,10.4,2.2891046284519194,32.0,0.0
502,10.4,2.2891046284519194,32.0,0.0
503,10.4,2.2891046284519194,32.0,0.0
504,10.4,2.2891046284519194,32.0,0.0
505,10.4,2.2891046284519194,32.0,0.0
506,10.4,2.2891046284519194,32.0,0.0
507,10.4,2.2891046284519194,32.0,0.0
508,10.4,2.2891046284519194,32.0,0.0
509,10.4,2.2891046284519194,32.0,0.0
510,10.4,2.2891046284519194,32.0,0.0
511,10.4,2.2891046284519194,32.0,0.0
512,10.4,2.2891046284519194,32.0,0.0
513,10.3,2.4103941586387903,32.0,0.0
514,10.3,2.4103941586387903,32.0,0.0
515,10.3,2.4103941586387903,32.0,0.0
516,10.3,2.4103941586387903,32.0,0.0
517,10.3,2.4103941586387903,32.0,0.0
518,10.3,2.4103941586387903,32.0,0.0
519,10.3,2.4103941586387903,32.0,0.0
520,10.3,2.4103941586387903,32.0,0.0
521,10.3,2.4103941586387903,32.0,0.0
522,10.3,2.4103941586387903,32.0,0.0
523,10.3,2.4103941586387903,32.0,0.0
524,10.3,2.4103941586387903,32.0,0.0
525,10.3,2.4103941586387903,32.0,0.0
526,10.3,2.4103941586387903,32.0,0.0
527,10.2,2.315167380558045,32.0,0.0
528,10.2,2.315167380558045,32.0,0.0
529,10.2,2.315167380558045,32.0,0.0
530,10.2,2.315167380558045,32.0,0.0
531,10.2,2.315167380558045,32.0,0.0
532,10.2,2.315167380558045,32.0,0.0
533,10.2,2.315167380558045,32.0,0.0
534,10.2,2.315167380558045,32.0,0.0
535,10.2,2.315167380558045,32.0,0.0
536,10.2,2.315167380558045,32.0,0.0
537,10.2,2.315167380558045,32.0,0.0
538,10.2,2.315167380558045,32.0,0.0
539,10.2,2.315167380558045,32.0,0.0
540,10.2,2.315167380558045,32.0,0.0
541,10.2,2.315167380558045,32.0,0.0
542,10.2,2.315167380558045,32.0,0.0
543,10.2,2.315167380558045,32.0,0.0
544,10.2,2.315167380558045,32.0,0.0
545,10.2,2.315167380558045,32.0,0.0
546,10.2,2.315167380558045,32.0,0.0
547,10.2,2.315167380558045,32.0,0.0
548,10.2,2.315167380558045,32.0,0.0
549,10.0,2.1447610589527217,32.0,0.0
550,10.0,2.1447610589527217,32.0,0.0
551,10.0,2.1447610589527217,32.0,0.0
552,10.0,2.1447610589527217,32.0,0.0
553,10.0,2.1447610589527217,32.0,0.0
554,10.0,2.1447610589527217,32.0,0.0
555,10.0,2.1447610589527217,32.0,0.0
556,10.0,2.1447610589527217,32.0,0.0
557,10.0,2.1447610589527217,32.0,0.0
558,10.0,2.1447610589527217,32.0,0.0
559,10.0,2.1447610589527217,32.0,0.0
560,10.0,2.1447610589527217,32.0,0.0
561,10.0,2.1447610589527217,32.0,0.0
562,10.0,2.1447610589527217,32.0,0.0
563,10.0,2.1447610589527217,32.0,0.0
564,10.0,2.1447610589527217,32.0,0.0
565,10.0,2.1447610589527217,32.0,0.0
566,10.0,2.1447610589527217,32.0,0.0
567,10.0,2.1447610589527217,32.0,0.0
568,10.0,2.1447610589527217,32.0,0.0
569,10.0,2.1447610589527217,32.0,0.0
570,10.0,2.1447610589527217,32.0,0.0
571,10.0,2.1447610589527217,32.0,0.0
572,10.0,2.1447610589527217,32.0,0.0
573,10.0,2.1447610589527217,32.0,0.0
574,10.0,2.1447610589527217,32.0,0.0
575,10.0,2.1447610589527217,32.0,0.0
576,10.0,2.1447610589527217,32.0,0.0
577,10.0,2.1447610589527217,32.0,0.0
578,10.0,2.1447610589527217,32.0,0.0
579,10.0,2.1447610589527217,32.0,0.0
580,10.0,2.1447610589527217,32.0,0.0
581,10.0,2.1447610589527217,32.0,0.0
582,10.0,2.1447610589527217,32.0,0.0
583,10.0,2.1447610589527217,32.0,0.0
584,10.0,2.1447610589527217,32.0,0.0
585,10.0,2.1447610589527217,32.0,0.0
586,10.0,2.1447610589527217,32.0,0.0
587,9.8,2.1354156504062622,32.0,0.0
588,9.8,2.1354156504062622,32.0,0.0
589,9.8,2.1354156504062622,32.0,0.0
590,9.8,2.1354156504062622,32.0,0.0
591,9.8,2.1354156504062622,32.0,0.0
592,9.8,2.1354156504062622,32.0,0.0
593,9.8,2.1354156504062622,32.0,0.0
594,9.8,2.1354156504062622,32.0,0.0
595,9.8,2.1354156504062622,32.0,0.0
596,9.8,2.1354156504062622,32.0,0.0
597,9.8,2.1354156504062622,32.0,0.0
598,9.8,2.1354156504062622,32.0,0.0
599,9.8,2.1354156504062622,32.0,0.0
600,9.8,2.1354156504062622,32.0,0.0
601,9.8,2.1354156504062622,32.0,0.0
602,9.8,2.1354156504062622,32.0,0.0
603,9.7,2.1,32.0,0.0
604,9.6,2.244994432064365,32.0,0.0
605,9.6,2.244994432064365,32.0,0.0
606,9.6,2.244994432064365,32.0,0.0
607,9.6,2.244994432064365,32.0,0.0
608,9.6,2.244994432064365,32.0,0.0
609,9.6,2.244994432064365,32.0,0.0
610,9.6,2.244994432064365,32.0,0.0
611,9.6,2.244994432064365,32.0,0.0
612,9.6,2.244994432064365,32.0,0.0
613,9.6,2.244994432064365,32.0,0.0
614,9.6,2.244994432064365,32.0,0.0
615,9.6,2.244994432064365,32.0,0.0
616,9.6,2.244994432064365,32.0,0.0
617,9.6,2.244994432064365,32.0,0.0
618,9.6,2.244994432064365,32.0,0.0
619,9.6,2.244994432064365,32.0,0.0
620,9.6,2.244994432064365,32.0,0.0
621,9.6,2.244994432064365,32.0,0.0
622,9.6,2.244994432064365,32.0,0.0
623,9.6,2.244994432064365,32.0,0.0
624,9.6,2.244994432064365,32.0,0.0
625,9.6,2.244994432064365,32.0,0.0
626,9.6,2.244994432064365,32.0,0.0
627,9.6,2.244994432064365,32.0,0.0
628,9.6,2.244994432064365,32.0,0.0
629,9.6,2.244994432064365,32.0,0.0
630,9.4,2.3748684174075834,32.0,0.0
631,9.4,2.3748684174075834,32.0,0.0
632,9.4,2.3748684174075834,32.0,0.0
633,9.4,2.3748684174075834,32.0,0.0
634,9.4,2.3748684174075834,32.0,0.0
635,9.4,2.3748684174075834,32.0,0.0
636,9.4,2.3748684174075834,32.0,0.0
637,9.4,2.3748684174075834,32.0,0.0
638,9.4,2.3748684174075834,32.0,0.0
639,9.4,2.3748684174075834,32.0,0.0
640,9.4,2.3748684174075834,32.0,0.0
641,9.3,2.3685438564654024,32.0,0.0
642,9.3,2.3685438564654024,32.0,0.0
643,9.3,2.3685438564654024,32.0,0.0
644,9.3,2.3685438564654024,32.0,0.0
645,9.3,2.3685438564654024,32.0,0.0
646,9.2,2.481934729198171,32.0,0.0
647,9.2,2.481934729198171,32.0,0.0
648,9.2,2.481934729198171,32.0,0.0
649,9.2,2.481934729198171,32.0,0.0
650,9.2,2.481934729198171,32.0,0.0
651,9.2,2.481934729198171,32.0,0.0
652,9.2,2.481934729198171,32.0,0.0
653,9.2,2.481934729198171,32.0,0.0
654,9.2,2.481934729198171,32.0,0.0
655,9.2,2.481934729198171,32.0,0.0
656,9.2,2.481934729198171,32.0,0.0
657,9.0,2.1447610589527217,32.0,0.0
658,9.0,2.1447610589527217,32.0,0.0
659,9.0,2.1447610589527217,32.0,0.0
660,9.0,2.1447610589527217,32.0,0.0
661,9.0,2.1447610589527217,32.0,0.0
662,9.0,2.1447610589527217,32.0,0.0
663,9.0,2.1447610589527217,32.0,0.0
664,8.9,2.0223748416156684,32.0,0.0
665,8.8,2.08806130178211,32.0,0.0
666,8.8,2.08806130178211,32.0,0.0
667,8.8,2.08806130178211,32.0,0.0
668,8.8,2.08806130178211,32.0,0.0
669,8.8,2.08806130178211,32.0,0.0
670,8.8,2.08806130178211,32.0,0.0
671,8.8,2.08806130178211,32.0,0.0
672,8.8,2.08806130178211,32.0,0.0
673,8.8,2.08806130178211,32.0,0.0
674,8.8,2.08806130178211,32.0,0.0
675,8.8,2.08806130178211,32.0,0.0
676,8.8,2.08806130178211,32.0,0.0
677,8.8,2.08806130178211,32.0,0.0
678,8.8,2.08806130178211,32.0,0.0
679,8.8,2.08806130178211,32.0,0.0
680,8.8,2.08806130178211,32.0,0.0
681,8.8,2.08806130178211,32.0,0.0
682,8.8,2.08806130178211,32.0,0.0
683,8.8,2.08806130178211,32.0,0.0
684,8.8,2.08806130178211,32.0,0.0
685,8.8,2.08806130178211,32.0,0.0
686,8.6,1.9595917942265426,32.0,0.0
687,8.6,1.9595917942265426,32.0,0.0
688,8.6,1.9595917942265426,32.0,0.0
689,8.6,1.9595917942265426,32.0,0.0
690,8.6,1.9595917942265426,32.0,0.0
691,8.6,1.9595917942265426,32.0,0.0
692,8.6,1.9595917942265426,32.0,0.0
693,8.6,1.9595917942265426,32.0,0.0
694,8.6,1.9595917942265426,32.0,0.0
695,8.6,1.9595917942265426,32.0,0.0
696,8.6,1.9595917942265426,32.0,0.0
697,8.6,1.9595917942265426,32.0,0.0
698,8.6,1.9595917942265426,32.0,0.0
699,8.6,1.9595917942265426,32.0,0.0
700,8.6,1.9595917942265426,32.0,0.0
701,8.6,1.9595917942265426,32.0,0.0
702,8.6,1.9595917942265426,32.0,0.0
703,8.6,1.9595917942265426,32.0,0.0
704,8.6,1.9595917942265426,32.0,0.0
705,8.6,1.9595917942265426,32.0,0.0
706,8.6,1.9595917942265426,32.0,0.0
707,8.6,1.9595917942265426,32.0,0.0
708,8.6,1.9595917942265426,32.0,0.0
709,8.6,1.9595917942265426,32.0,0.0
710,8.6,1.9595917942265426,32.0,0.0
711,8.6,1.9595917942265426,32.0,0.0
712,8.6,1.9595917942265426,32.0,0.0
713,8.6,1.9595917942265426,32.0,0.0
714,8.6,1.9595917942265426,32.0,0.0
715,8.6,1.9595917942265426,32.0,0.0
716,8.6,1.9595917942265426,32.0,0.0
717,8.6,1.9595917942265426,32.0,0.0
718,8.6,1.9595917942265426,32.0,0.0
719,8.6,1.9595917942265426,32.0,0.0
720,8.6,1.9595917942265426,32.0,0.0
721,8.6,1.9595917942265426,32.0,0.0
722,8.6,1.9595917942265426,32.0,0.0
723,8.6,1.9595917942265426,32.0,0.0
724,8.6,1.9595917942265426,32.0,0.0
725,8.6,1.9595917942265426,32.0,0.0
726,8.6,1.9595917942265426,32.0,0.0
727,8.6,1.9595917942265426,32.0,0.0
728,8.5,1.8027756377319946,32.0,0.0
729,8.5,1.8027756377319946,32.0,0.0
730,8.5,1.8027756377319946,32.0,0.0
731,8.5,1.8027756377319946,32.0,0.0
732,8.5,1.8027756377319946,32.0,0.0
733,8.5,1.8027756377319946,32.0,0.0
734,8.5,1.8027756377319946,32.0,0.0
735,8.5,1.8027756377319946,32.0,0.0
736,8.5,1.8027756377319946,32.0,0.0
737,8.5,1.8027756377319946,32.0,0.0
738,8.5,1.8027756377319946,32.0,0.0
739,8.5,1.8027756377319946,32.0,0.0
740,8.5,1.8027756377319946,32.0,0.0
741,8.5,1.8027756377319946,32.0,0.0
742,8.5,1.8027756377319946,32.0,0.0
743,8.5,1.8027756377319946,32.0,0.0
744,8.5,1.8027756377319946,32.0,0.0
745,8.5,1.8027756377319946,32.0,0.0
746,8.5,1.8027756377319946,32.0,0.0
747,8.5,1.8027756377319946,32.0,0.0
748,8.5,1.8027756377319946,32.0,0.0
749,8.5,1.8027756377319946,32.0,0.0
750,8.5,1.8027756377319946,32.0,0.0
751,8.5,1.8027756377319946,32.0,0.0
752,8.5,1.8027756377319946,32.0,0.0
753,8.5,1.8027756377319946,32.0,0.0
754,8.5,1.8027756377319946,32.0,0.0
755,8.5,1.8027756377319946,32.0,0.0
756,8.5,1.8027756377319946,32.0,0.0
757,8.5,1.8027756377319946,32.0,0.0
758,8.5,1.8027756377319946,32.0,0.0
759,8.5,1.8027756377319946,32.0,0.0
760,8.5,1.8027756377319946,32.0,0.0
761,8.4,1.6852299546352716,32.0,0.0
762,8.4,1.6852299546352716,32.0,0.0
763,8.4,1.6852299546352716,32.0,0.0
764,8.4,1.6852299546352716,32.0,0.0
765,8.4,1.6852299546352716,32.0,0.0
766,8.4,1.6852299546352716,32.0,0.0
767,8.4,1.6852299546352716,32.0,0.0
768,8.4,1.6852299546352716,32.0,0.0
769,8.4,1.6852299546352716,32.0,0.0
770,8.4,1.6852299546352716,32.0,0.0
771,8.4,1.6852299546352716,32.0,0.0
772,8.4,1.6852299546352716,32.0,0.0
773,8.4,1.6852299546352716,32.0,0.0
774,8.4,1.6852299546352716,32.0,0.0
775,8.4,1.6852299546352716,32.0,0.0
776,8.4,1.6852299546352716,32.0,0.0
777,8.4,1.6852299546352716,32.0,0.0
778,8.4,1.6852299546352716,32.0,0.0
779,8.4,1.6852299546352716,32.0,0.0
780,8.4,1.6852299546352716,32.0,0.0
781,8.4,1.6852299546352716,32.0,0.0
782,8.4,1.6852299546352716,32.0,0.0
783,8.4,1.6852299546352716,32.0,0.0
784,8.4,1.6852299546352716,32.0,0.0
785,8.4,1.6852299546352716,32.0,0.0
786,8.4,1.6852299546352716,32.0,0.0
787,8.4,1.6852299546352716,32.0,0.0
788,8.4,1.6852299546352716,32.0,0.0
789,8.4,1.6852299546352716,32.0,0.0
790,8.4,1.6852299546352716,32.0,0.0
791,8.4,1.6852299546352716,32.0,0.0
792,8.4,1.6852299546352716,32.0,0.0
793,8.4,1.6852299546352716,32.0,0.0
794,8.4,1.6852299546352716,32.0,0.0
795,8.4,1.6852299546352716,32.0,0.0
796,8.3,1.6155494421403513,32.0,0.0
797,8.3,1.6155494421403513,32.0,0.0
798,8.3,1.6155494421403513,32.0,0.0
799,8.3,1.6155494421403513,32.0,0.0
800,8.3,1.6155494421403513,32.0,0.0
801,8.3,1.6155494421403513,32.0,0.0
802,8.3,1.6155494421403513,32.0,0.0
803,8.3,1.6155494421403513,32.0,0.0
804,8.3,1.6155494421403513,32.0,0.0
805,8.3,1.6155494421403513,32.0,0.0
806,8.3,1.6155494421403513,32.0,0.0
807,8.3,1.6155494421403513,32.0,0.0
808,8.3,1.6155494421403513,32.0,0.0
809,8.1,1.374772708486752,32.0,0.0
810,8.1,1.374772708486752,32.0,0.0
811,8.1,1.374772708486752,32.0,0.0
812,8.1,1.374772708486752,32.0,0.0
813,8.1,1.374772708486752,32.0,0.0
814,8.1,1.374772708486752,32.0,0.0
815,8.1,1.374772708486752,32.0,0.0
816,8.1,1.374772708486752,32.0,0.0
817,8.1,1.374772708486752,32.0,0.0
818,8.1,1.374772708486752,32.0,0.0
819,8.1,1.374772708486752,32.0,0.0
820,8.0,1.2649110640673518,32.0,0.0
821,8.0,1.2649110640673518,32.0,0.0
822,8.0,1.2649110640673518,32.0,0.0
823,8.0,1.2649110640673518,32.0,0.0
824,8.0,1.2649110640673518,32.0,0.0
825,8.0,1.2649110640673518,32.0,0.0
826,8.0,1.2649110640673518,32.0,0.0
827,8.0,1.2649110640673518,32.0,0.0
828,8.0,1.2649110640673518,32.0,0.0
829,8.0,1.2649110640673518,32.0,0.0
830,8.0,1.2649110640673518,32.0,0.0
831,8.0,1.2649110640673518,32.0,0.0
832,8.0,1.2649110640673518,32.0,0.0
833,8.0,1.2649110640673518,32.0,0.0
834,8.0,1.2649110640673518,32.0,0.0
835,8.0,1.2649110640673518,32.0,0.0
836,8.0,1.2649110640673518,32.0,0.0
837,8.0,1.2649110640673518,32.0,0.0
838,8.0,1.2649110640673518,32.0,0.0
839,8.0,1.2649110640673518,32.0,0.0
840,8.0,1.2649110640673518,32.0,0.0
841,8.0,1.2649110640673518,32.0,0.0
842,8.0,1.2649110640673518,32.0,0.0
843,8.0,1.2649110640673518,32.0,0.0
844,8.0,1.2649110640673518,32.0,0.0
845,7.9,1.2206555615733703,32.0,0.0
846,7.9,1.2206555615733703,32.0,0.0
847,7.9,1.2206555615733703,32.0,0.0
848,7.9,1.2206555615733703,32.0,0.0
849,7.9,1.2206555615733703,32.0,0.0
850,7.9,1.2206555615733703,32.0,0.0
851,7.9,1.2206555615733703,32.0,0.0
852,7.9,1.2206555615733703,32.0,0.0
853,7.7,1.1874342087037917,32.0,0.0
854,7.7,1.1874342087037917,32.0,0.0
855,7.7,1.1874342087037917,32.0,0.0
856,7.7,1.1874342087037917,32.0,0.0
857,7.7,1.1874342087037917,32.0,0.0
858,7.7,1.1874342087037917,32.0,0.0
859,7.6,1.2806248474865698,32.0,0.0
860,7.5,1.4317821063276353,32.0,0.0
861,7.5,1.4317821063276353,32.0,0.0
862,7.5,1.4317821063276353,32.0,0.0
863,7.4,1.3564659966250536,32.0,0.0
864,7.4,1.3564659966250536,32.0,0.0
865,7.4,1.3564659966250536,32.0,0.0
866,7.4,1.3564659966250536,32.0,0.0
867,7.4,1.3564659966250536,32.0,0.0
868,7.4,1.3564659966250536,32.0,0.0
869,7.4,1.3564659966250536,32.0,0.0
870,7.4,1.3564659966250536,32.0,0.0
871,7.3,1.3453624047073711,32.0,0.0
872,7.3,1.3453624047073711,32.0,0.0
873,7.3,1.3453624047073711,32.0,0.0
874,7.3,1.3453624047073711,32.0,0.0
875,7.3,1.3453624047073711,32.0,0.0
876,7.3,1.3453624047073711,32.0,0.0
877,7.3,1.3453624047073711,32.0,0.0
878,7.2,1.4000000000000001,32.0,0.0
879,7.2,1.4000000000000001,32.0,0.0
880,7.2,1.4000000000000001,32.0,0.0
881,7.2,1.4000000000000001,32.0,0.0
882,7.2,1.4000000000000001,32.0,0.0
883,7.2,1.4000000000000001,32.0,0.0
884,7.2,1.4000000000000001,32.0,0.0
885,7.2,1.4000000000000001,32.0,0.0
886,7.2,1.4000000000000001,32.0,0.0
887,7.2,1.4000000000000001,32.0,0.0
888,7.2,1.4000000000000001,32.0,0.0
889,7.2,1.4000000000000001,32.0,0.0
890,7.2,1.4000000000000001,32.0,0.0
891,7.2,1.4000000000000001,32.0,0.0
892,7.2,1.4000000000000001,32.0,0.0
893,7.2,1.4000000000000001,32.0,0.0
894,7.2,1.4000000000000001,32.0,0.0
895,7.2,1.4000000000000001,32.0,0.0
896,7.2,1.4000000000000001,32.0,0.0
897,7.2,1.4000000000000001,32.0,0.0
898,7.2,1.4000000000000001,32.0,0.0
899,7.2,1.4000000000000001,32.0,0.0
900,7.2,1.4000000000000001,32.0,0.0
901,7.2,1.4000000000000001,32.0,0.0
902,7.2,1.4000000000000001,32.0,0.0
903,7.2,1.4000000000000001,32.0,0.0
904,7.2,1.4000000000000001,32.0,0.0
905,7.2,1.4000000000000001,32.0,0.0
906,7.2,1.4000000000000001,32.0,0.0
907,7.2,1.4000000000000001,32.0,0.0
908,7.2,1.4000000000000001,32.0,0.0
909,7.2,1.4000000000000001,32.0,0.0
910,7.2,1.4000000000000001,32.0,0.0
911,7.2,1.4000000000000001,32.0,0.0
912,7.2,1.4000000000000001,32.0,0.0
913,7.2,1.4000000000000001,32.0,0.0
914,7.2,1.4000000000000001,32.0,0.0
915,7.2,1.4000000000000001,32.0,0.0
916,7.2,1.4000000000000001,32.0,0.0
917,7.2,1.4000000000000001,32.0,0.0
918,7.2,1.4000000000000001,32.0,0.0
919,7.2,1.4000000000000001,32.0,0.0
920,7.2,1.4000000000000001,32.0,0.0
921,7.2,1.4000000000000001,32.0,0.0
922,7.1,1.3,32.0,0.0
923,7.1,1.3,32.0,0.0
924,7.1,1.3,32.0,0.0
925,7.1,1.3,32.0,0.0
926,7.1,1.3,32.0,0.0
927,7.1,1.3,32.0,0.0
928,7.1,1.3,32.0,0.0
929,7.1,1.3,32.0,0.0
930,7.1,1.3,32.0,0.0
931,7.1,1.3,32.0,0.0
932,7.1,1.3,32.0,0.0
933,7.0,1.4142135623730951,32.0,0.0
934,7.0,1.4142135623730951,32.0,0.0
935,7.0,1.4142135623730951,32.0,0.0
936,7.0,1.4142135623730951,32.0,0.0
937,7.0,1.4142135623730951,32.0,0.0
938,7.0,1.4142135623730951,32.0,0.0
939,7.0,1.4142135623730951,32.0,0.0
940,7.0,1.4142135623730951,32.0,0.0
941,7.0,1.4142135623730951,32.0,0.0
942,7.0,1.4142135623730951,32.0,0.0
943,7.0,1.4142135623730951,32.0,0.0
944,6.8,1.4000000000000001,32.0,0.0
945,6.8,1.4000000000000001,32.0,0.0
946,6.8,1.4000000000000001,32.0,0.0
947,6.8,1.4000000000000001,32.0,0.0
948,6.8,1.4000000000000001,32.0,0.0
949,6.8,1.4000000000000001,32.0,0.0
950,6.8,1.4000000000000001,32.0,0.0
951,6.8,1.4000000000000001,32.0,0.0
952,6.8,1.4000000000000001,32.0,0.0
953,6.8,1.4000000000000001,32.0,0.0
954,6.7,1.4177446878757827,32.0,0.0
955,6.7,1.4177446878757827,32.0,0.0
956,6.7,1.4177446878757827,32.0,0.0
957,6.7,1.4177446878757827,32.0,0.0
958,6.7,1.4177446878757827,32.0,0.0
959,6.7,1.4177446878757827,32.0,0.0
960,6.7,1.4177446878757827,32.0,0.0
961,6.7,1.4177446878757827,32.0,0.0
962,6.7,1.4177446878757827,32.0,0.0
963,6.7,1.4177446878757827,32.0,0.0
964,6.7,1.4177446878757827,32.0,0.0
965,6.7,1.4177446878757827,32.0,0.0
966,6.7,1.4177446878757827,32.0,0.0
967,6.7,1.4177446878757827,32.0,0.0
968,6.7,1.4177446878757827,32.0,0.0
969,6.7,1.4177446878757827,32.0,0.0
970,6.7,1.4177446878757827,32.0,0.0
971,6.7,1.4177446878757827,32.0,0.0
972,6.7,1.4177446878757827,32.0,0.0
973,6.7,1.4177446878757827,32.0,0.0
974,6.7,1.4177446878757827,32.0,0.0
975,6.7,1.4177446878757827,32.0,0.0
976,6.7,1.4177446878757827,32.0,0.0
977,6.7,1.4177446878757827,32.0,0.0
978,6.7,1.4177446878757827,32.0,0.0
979,6.7,1.4177446878757827,32.0,0.0
980,6.7,1.4177446878757827,32.0,0.0
981,6.7,1.4177446878757827,32.0,0.0
982,6.7,1.4177446878757827,32.0,0.0
983,6.7,1.4177446878757827,32.0,0.0
984,6.6,1.4966629547095764,32.0,0.0
985,6.6,1.4966629547095764,32.0,0.0
986,6.6,1.4966629547095764,32.0,0.0
987,6.6,1.4966629547095764,32.0,0.0
988,6.6,1.4966629547095764,32.0,0.0
989,6.6,1.4966629547095764,32.0,0.0
990,6.6,1.4966629547095764,32.0,0.0
991,6.5,1.5,32.0,0.0
992,6.5,1.5,32.0,0.0
993,6.5,1.5,32.0,0.0
994,6.5,1.5,32.0,0.0
995,6.5,1.5,32.0,0.0
996,6.5,1.5,32.0,0.0
997,6.5,1.5,32.0,0.0
998,6.5,1.5,32.0,0.0
999,6.5,1.5,32.0,0.0
1000,6.5,1.5,32.0,0.0
1001,6.5,1.5,32.0,0.0
1002,6.5,1.5,32.0,0.0
1003,6.5,1.5,32.0,0.0
1004,6.5,1.5,32.0,0.0
1005,6.5,1.5,32.0,0.0
1006,6.5,1.5,32.0,0.0
1007,6.5,1.5,32.0,0.0
1008,6.5,1.5,32.0,0.0
1009,6.5,1.5,32.0,0.0
1010,6.5,1.5,32.0,0.0
1011,6.5,1.5,32.0,0.0
1012,6.5,1.5,32.0,0.0
1013,6.5,1.5,32.0,0.0
1014,6.5,1.5,32.0,0.0
1015,6.5,1.5,32.0,0.0
1016,6.5,1.5,32.0,0.0
1017,6.5,1.5,32.0,0.0
1018,6.5,1.5,32.0,0.0
1019,6.5,1.5,32.0,0.0
1020,6.5,1.5,32.0,0.0
1021,6.5,1.5,32.0,0.0
1022,6.5,1.5,32.0,0.0
1023,6.5,1.5,32.0,0.0
1024,6.5,1.5,32.0,0.0
1025,6.5,1.5,32.0,0.0
1026,6.5,1.5,32.0,0.0
1027,6.5,1.5,32.0,0.0
1028,6.5,1.5,32.0,0.0
1029,6.5,1.5,32.0,0.0
1030,6.5,1.5,32.0,0.0
1031,6.5,1.5,32.0,0.0
1032,6.5,1.5,32.0,0.0
1033,6.5,1.5,32.0,0.0
1034,6.5,1.5,32.0,0.0
1035,6.4,1.3564659966250536,32.0,0.0
1036,6.4,1.3564659966250536,32.0,0.0
1037,6.4,1.3564659966250536,32.0,0.0
1038,6.4,1.3564659966250536,32.0,0.0
1039,6.4,1.3564659966250536,32.0,0.0
1040,6.4,1.3564659966250536,32.0,0.0
1041,6.3,1.4177446878757827,32.0,0.0
1042,6.3,1.4177446878757827,32.0,0.0
1043,6.3,1.4177446878757827,32.0,0.0
1044,6.3,1.4177446878757827,32.0,0.0
1045,6.3,1.4177446878757827,32.0,0.0
1046,6.3,1.4177446878757827,32.0,0.0
1047,6.3,1.4177446878757827,32.0,0.0
1048,6.3,1.4177446878757827,32.0,0.0
1049,6.3,1.4177446878757827,32.0,0.0
1050,6.3,1.4177446878757827,32.0,0.0
1051,6.3,1.4177446878757827,32.0,0.0
1052,6.3,1.4177446878757827,32.0,0.0
1053,6.2,1.32664991614216,32.0,0.0
1054,6.2,1.32664991614216,32.0,0.0
1055,6.1,1.374772708486752,32.0,0.0
1056,6.1,1.374772708486752,32.0,0.0
1057,6.1,1.374772708486752,32.0,0.0
1058,6.1,1.374772708486752,32.0,0.0
1059,6.1,1.374772708486752,32.0,0.0
1060,5.7,1.004987562112089,32.0,0.0
1061,5.7,1.004987562112089,32.0,0.0
1062,5.7,1.004987562112089,32.0,0.0
1063,5.7,1.004987562112089,32.0,0.0
1064,5.7,1.004987562112089,32.0,0.0
1065,5.7,1.004987562112089,32.0,0.0
1066,5.7,1.004987562112089,32.0,0.0
1067,5.7,1.004987562112089,32.0,0.0
1068,5.7,1.004987562112089,32.0,0.0
1069,5.7,1.004987562112089,32.0,0.0
1070,5.7,1.004987562112089,32.0,0.0
1071,5.7,1.004987562112089,32.0,0.0
1072,5.7,1.004987562112089,32.0,0.0
1073,5.7,1.004987562112089,32.0,0.0
1074,5.7,1.004987562112089,32.0,0.0
1075,5.7,1.004987562112089,32.0,0.0
1076,5.7,1.004987562112089,32.0,0.0
1077,5.7,1.004987562112089,32.0,0.0
1078,5.7,1.004987562112089,32.0,0.0
1079,5.7,1.004987562112089,32.0,0.0
1080,5.6,0.9165151389911681,32.0,0.0
1081,5.6,0.9165151389911681,32.0,0.0
1082,5.6,0.9165151389911681,32.0,0.0
1083,5.6,0.9165151389911681,32.0,0.0
1084,5.6,0.9165151389911681,32.0,0.0
1085,5.6,0.9165151389911681,32.0,0.0
1086,5.6,0.9165151389911681,32.0,0.0
1087,5.6,0.9165151389911681,32.0,0.0
1088,5.6,0.9165151389911681,32.0,0.0
1089,5.6,0.9165151389911681,32.0,0.0
1090,5.6,0.9165151389911681,32.0,0.0
1091,5.6,0.9165151389911681,32.0,0.0
1092,5.5,0.9219544457292888,32.0,0.0
1093,5.5,0.9219544457292888,32.0,0.0
1094,5.5,0.9219544457292888,32.0,0.0
1095,5.5,0.9219544457292888,32.0,0.0
1096,5.5,0.9219544457292888,32.0,0.0
1097,5.5,0.9219544457292888,32.0,0.0
1098,5.4,0.9165151389911679,32.0,0.0
1099,5.4,0.9165151389911679,32.0,0.0
1100,5.4,0.9165151389911679,32.0,0.0
1101,5.4,0.9165151389911679,32.0,0.0
1102,5.4,0.9165151389911679,32.0,0.0
1103,5.4,0.9165151389911679,32.0,0.0
1104,5.4,0.9165151389911679,32.0,0.0
1105,5.4,0.9165151389911679,32.0,0.0
1106,5.4,0.9165151389911679,32.0,0.0
1107,5.2,0.39999999999999997,32.0,0.0
1108,5.2,0.39999999999999997,32.0,0.0
1109,5.2,0.39999999999999997,32.0,0.0
1110,5.2,0.39999999999999997,32.0,0.0
1111,5.2,0.39999999999999997,32.0,0.0
1112,5.2,0.39999999999999997,32.0,0.0
1113,5.2,0.39999999999999997,32.0,0.0
1114,5.2,0.39999999999999997,32.0,0.0
1115,5.2,0.39999999999999997,32.0,0.0
1116,5.2,0.39999999999999997,32.0,0.0
1117,5.2,0.39999999999999997,32.0,0.0
1118,5.2,0.39999999999999997,32.0,0.0
1119,5.2,0.39999999999999997,32.0,0.0
1120,5.2,0.39999999999999997,32.0,0.0
1121,5.2,0.39999999999999997,32.0,0.0
1122,5.2,0.39999999999999997,32.0,0.0
1123,5.2,0.39999999999999997,32.0,0.0
1124,5.2,0.39999999999999997,32.0,0.0
1125,5.2,0.39999999999999997,32.0,0.0
1126,5.2,0.39999999999999997,32.0,0.0
1127,5.2,0.39999999999999997,32.0,0.0
1128,5.2,0.39999999999999997,32.0,0.0
1129,5.2,0.39999999999999997,32.0,0.0
1130,5.2,0.39999999999999997,32.0,0.0
1131,5.2,0.39999999999999997,32.0,0.0
1132,5.2,0.39999999999999997,32.0,0.0
1133,5.1,0.3,32.0,0.0
1134,5.0,0.0,32.0,0.0
1135,5.0,0.0,32.0,0.0
1136,5.0,0.0,32.0,0.0
1137,5.0,0.0,32.0,0.0
1138,5.0,0.0,32.0,0.0
