,Core genome (mean),Core genome (std),Pan genome (mean),Pan genome (std)
0,22.1,0.8306623862918074,22.1,0.8306623862918074
1,21.8,0.7483314773547883,23.3,1.268857754044952
2,21.4,0.4898979485566356,23.4,1.2
3,21.0,0.6324555320336759,23.4,1.2
4,20.9,0.5385164807134504,23.4,1.2
5,20.8,0.6,23.8,1.3266499161421599
6,20.7,0.7810249675906654,24.0,1.3416407864998738
7,20.6,0.66332495807108,24.0,1.3416407864998738
8,20.5,0.6708203932499369,24.1,1.3
9,20.4,0.66332495807108,24.1,1.3
10,20.2,0.8717797887081348,24.6,1.6852299546352716
11,20.2,0.8717797887081348,24.6,1.6852299546352716
12,20.2,0.8717797887081348,24.6,1.6852299546352716
13,20.1,0.8306623862918074,25.5,2.0615528128088303
14,20.1,0.8306623862918074,25.5,2.0615528128088303
15,20.1,0.8306623862918074,25.5,2.0615528128088303
16,20.1,0.8306623862918074,25.5,2.0615528128088303
17,20.1,0.8306623862918074,26.0,2.1908902300206643
18,20.1,0.8306623862918074,26.0,2.1908902300206643
19,20.1,0.8306623862918074,26.0,2.1908902300206643
20,19.9,0.8306623862918074,27.5,3.556683848755748
21,19.8,0.8717797887081348,27.5,3.556683848755748
22,19.8,0.8717797887081348,27.5,3.556683848755748
23,19.8,0.8717797887081348,27.6,3.4985711369071804
24,19.7,0.7810249675906655,27.7,3.5227829907617076
25,19.7,0.7810249675906655,27.8,3.515679166249389
26,19.5,0.9219544457292888,27.8,3.515679166249389
27,19.5,0.9219544457292888,27.8,3.515679166249389
28,19.5,0.9219544457292888,27.8,3.515679166249389
29,19.4,0.9165151389911679,27.8,3.515679166249389
30,19.4,0.9165151389911679,27.8,3.515679166249389
31,19.3,0.7810249675906655,27.8,3.515679166249389
32,19.3,0.7810249675906655,27.8,3.515679166249389
33,19.3,0.7810249675906655,27.8,3.515679166249389
34,19.3,0.7810249675906655,27.8,3.515679166249389
35,19.2,0.8717797887081347,27.8,3.515679166249389
36,19.2,0.8717797887081347,27.8,3.515679166249389
37,19.2,0.8717797887081347,27.9,3.4770677301427426
38,19.1,0.9433981132056604,27.9,3.4770677301427426
39,19.1,0.9433981132056604,28.1,3.2388269481403293
40,18.9,1.1357816691600546,28.1,3.2388269481403293
41,18.9,1.1357816691600546,28.1,3.2388269481403293
42,18.8,1.2489995996796797,28.1,3.2388269481403293
43,18.8,1.2489995996796797,28.5,3.0740852297878796
44,18.8,1.2489995996796797,28.5,3.0740852297878796
45,18.7,1.4177446878757827,28.5,3.0740852297878796
46,18.7,1.4177446878757827,28.5,3.0740852297878796
47,18.6,1.3564659966250538,28.5,3.0740852297878796
48,18.5,1.4317821063276353,28.5,3.0740852297878796
49,18.5,1.4317821063276353,28.5,3.0740852297878796
50,18.4,1.42828568570857,28.6,3.0724582991474434
51,18.4,1.42828568570857,28.6,3.0724582991474434
52,18.3,1.4177446878757827,28.6,3.0724582991474434
53,18.3,1.4177446878757827,28.6,3.0724582991474434
54,18.2,1.5362291495737217,28.6,3.0724582991474434
55,18.1,1.6401219466856727,28.6,3.0724582991474434
56,18.1,1.6401219466856727,28.6,3.0724582991474434
57,18.0,1.61245154965971,28.9,3.2388269481403293
58,17.8,1.7204650534085253,30.0,3.5777087639996634
59,17.7,1.6155494421403511,30.0,3.5777087639996634
60,17.7,1.6155494421403511,30.2,3.2802438933713454
61,17.6,1.624807680927192,30.2,3.2802438933713454
62,17.6,1.624807680927192,30.2,3.2802438933713454
63,17.6,1.624807680927192,30.2,3.2802438933713454
64,17.5,1.6278820596099706,30.2,3.2802438933713454
65,17.5,1.6278820596099706,30.2,3.2802438933713454
66,17.5,1.6278820596099706,30.2,3.2802438933713454
67,17.5,1.6278820596099706,30.2,3.2802438933713454
68,17.4,1.7435595774162693,30.2,3.2802438933713454
69,17.4,1.7435595774162693,30.2,3.2802438933713454
70,17.4,1.7435595774162693,30.2,3.2802438933713454
71,17.4,1.7435595774162693,30.2,3.2802438933713454
72,17.4,1.7435595774162693,30.2,3.2802438933713454
73,17.3,1.8466185312619388,30.3,3.2572994949804666
74,17.1,1.7578395831246947,30.3,3.2572994949804666
75,17.0,1.7320508075688772,30.3,3.2572994949804666
76,17.0,1.7320508075688772,30.3,3.2572994949804666
77,17.0,1.7320508075688772,30.3,3.2572994949804666
78,17.0,1.7320508075688772,30.3,3.2572994949804666
79,17.0,1.7320508075688772,30.3,3.2572994949804666
80,16.9,1.6401219466856727,30.3,3.2572994949804666
81,16.9,1.6401219466856727,30.3,3.2572994949804666
82,16.8,1.6613247725836149,30.3,3.2572994949804666
83,16.8,1.6613247725836149,30.3,3.2572994949804666
84,16.8,1.6613247725836149,30.3,3.2572994949804666
85,16.8,1.6613247725836149,30.3,3.2572994949804666
86,16.8,1.6613247725836149,30.3,3.2572994949804666
87,16.6,1.7435595774162693,30.3,3.2572994949804666
88,16.6,1.7435595774162693,30.3,3.2572994949804666
89,16.4,1.7435595774162693,30.3,3.2572994949804666
90,16.4,1.7435595774162693,30.3,3.2572994949804666
91,16.4,1.7435595774162693,30.3,3.2572994949804666
92,16.4,1.7435595774162693,30.4,3.2
93,16.4,1.7435595774162693,30.4,3.2
94,16.3,1.4866068747318506,30.4,3.2
95,16.3,1.4866068747318506,30.4,3.2
96,16.3,1.4866068747318506,30.4,3.2
97,16.3,1.4866068747318506,30.4,3.2
98,16.3,1.4866068747318506,30.4,3.2
99,16.3,1.4866068747318506,30.4,3.2
100,16.3,1.4866068747318506,30.4,3.2
101,16.3,1.4866068747318506,30.4,3.2
102,16.3,1.4866068747318506,30.4,3.2
103,16.3,1.4866068747318506,30.4,3.2
104,16.3,1.4866068747318506,30.4,3.2
105,16.3,1.4866068747318506,30.4,3.2
106,16.2,1.2489995996796797,30.4,3.2
107,16.2,1.2489995996796797,30.4,3.2
108,16.1,1.0440306508910548,30.4,3.2
109,16.1,1.0440306508910548,30.4,3.2
110,16.1,1.0440306508910548,30.4,3.2
111,16.1,1.0440306508910548,30.4,3.2
112,16.1,1.0440306508910548,30.4,3.2
113,16.1,1.0440306508910548,30.4,3.2
114,16.1,1.0440306508910548,30.4,3.2
115,16.1,1.0440306508910548,30.4,3.2
116,16.1,1.0440306508910548,30.7,3.287856444554719
117,16.1,1.0440306508910548,30.7,3.287856444554719
118,15.9,0.8306623862918076,31.8,3.370459909270543
119,15.9,0.8306623862918076,31.8,3.370459909270543
120,15.9,0.8306623862918076,31.8,3.370459909270543
121,15.7,1.004987562112089,31.8,3.370459909270543
122,15.7,1.004987562112089,32.2,2.9933259094191533
123,15.7,1.004987562112089,32.2,2.9933259094191533
124,15.6,0.9165151389911681,32.2,2.9933259094191533
125,15.5,0.9219544457292888,32.4,3.2924155266308657
126,15.5,0.9219544457292888,32.5,3.263433774416144
127,15.5,0.9219544457292888,32.5,3.263433774416144
128,15.5,0.9219544457292888,32.5,3.263433774416144
129,15.5,0.9219544457292888,32.5,3.263433774416144
130,15.5,0.9219544457292888,32.5,3.263433774416144
131,15.5,0.9219544457292888,32.5,3.263433774416144
132,15.5,0.9219544457292888,32.5,3.263433774416144
133,15.5,0.9219544457292888,32.5,3.263433774416144
134,15.5,0.9219544457292888,32.5,3.263433774416144
135,15.5,0.9219544457292888,32.5,3.263433774416144
136,15.5,0.9219544457292888,32.5,3.263433774416144
137,15.5,0.9219544457292888,32.5,3.263433774416144
138,15.5,0.9219544457292888,32.5,3.263433774416144
139,15.5,0.9219544457292888,32.5,3.263433774416144
140,15.5,0.9219544457292888,32.5,3.263433774416144
141,15.4,0.7999999999999999,32.5,3.263433774416144
142,15.3,0.7810249675906655,32.5,3.263433774416144
143,15.3,0.7810249675906655,32.5,3.263433774416144
144,15.3,0.7810249675906655,32.5,3.263433774416144
145,15.3,0.7810249675906655,32.5,3.263433774416144
146,15.3,0.7810249675906655,32.5,3.263433774416144
147,15.3,0.7810249675906655,32.5,3.263433774416144
148,15.2,0.8717797887081347,32.5,3.263433774416144
149,15.2,0.8717797887081347,32.5,3.263433774416144
150,15.2,0.8717797887081347,32.5,3.263433774416144
151,15.1,0.8306623862918074,32.5,3.263433774416144
152,14.9,0.7000000000000001,32.8,3.0594117081556713
153,14.9,0.7000000000000001,32.8,3.0594117081556713
154,14.9,0.7000000000000001,32.8,3.0594117081556713
155,14.8,0.8717797887081347,33.6,3.2619012860600183
156,14.8,0.8717797887081347,33.7,3.226453160980336
157,14.7,0.8999999999999999,33.7,3.226453160980336
158,14.7,0.8999999999999999,33.7,3.226453160980336
159,14.7,0.8999999999999999,33.7,3.226453160980336
160,14.7,0.8999999999999999,33.7,3.226453160980336
161,14.7,0.8999999999999999,33.7,3.226453160980336
162,14.6,0.7999999999999999,33.7,3.226453160980336
163,14.6,0.7999999999999999,33.7,3.226453160980336
164,14.5,0.9219544457292888,33.7,3.226453160980336
165,14.5,0.9219544457292888,33.7,3.226453160980336
166,14.4,0.9165151389911681,34.3,3.407345007480165
167,14.4,0.9165151389911681,34.3,3.407345007480165
168,14.2,0.9797958971132711,35.2,3.059411708155671
169,14.2,0.9797958971132711,35.2,3.059411708155671
170,14.2,0.9797958971132711,35.2,3.059411708155671
171,14.2,0.9797958971132711,35.2,3.059411708155671
172,14.2,0.9797958971132711,35.2,3.059411708155671
173,14.2,0.9797958971132711,35.2,3.059411708155671
174,14.2,0.9797958971132711,35.2,3.059411708155671
175,14.1,0.8306623862918076,35.2,3.059411708155671
176,14.0,1.0,35.2,3.059411708155671
177,13.9,1.1357816691600546,35.2,3.059411708155671
178,13.9,1.1357816691600546,35.2,3.059411708155671
179,13.9,1.1357816691600546,35.2,3.059411708155671
180,13.9,1.1357816691600546,35.2,3.059411708155671
181,13.9,1.1357816691600546,35.2,3.059411708155671
182,13.8,1.0770329614269007,35.2,3.059411708155671
183,13.8,1.0770329614269007,35.2,3.059411708155671
184,13.8,1.0770329614269007,35.2,3.059411708155671
185,13.8,1.0770329614269007,35.2,3.059411708155671
186,13.8,1.0770329614269007,35.2,3.059411708155671
187,13.7,1.0999999999999999,35.3,3.1320919526731648
188,13.6,1.2,35.3,3.1320919526731648
189,13.6,1.2,35.3,3.1320919526731648
190,13.6,1.2,35.3,3.1320919526731648
191,13.6,1.2,35.3,3.1320919526731648
192,13.6,1.2,35.3,3.1320919526731648
193,13.5,1.3601470508735443,35.3,3.1320919526731648
194,13.3,1.4177446878757827,35.3,3.1320919526731648
195,13.3,1.4177446878757827,35.3,3.1320919526731648
196,13.3,1.4177446878757827,35.3,3.1320919526731648
197,13.3,1.4177446878757827,35.3,3.1320919526731648
198,13.3,1.4177446878757827,35.3,3.1320919526731648
199,13.3,1.4177446878757827,35.3,3.1320919526731648
200,13.2,1.5999999999999999,35.3,3.1320919526731648
201,13.0,1.61245154965971,35.3,3.1320919526731648
202,13.0,1.61245154965971,35.3,3.1320919526731648
203,13.0,1.61245154965971,35.3,3.1320919526731648
204,13.0,1.61245154965971,35.3,3.1320919526731648
205,13.0,1.61245154965971,35.3,3.1320919526731648
206,13.0,1.61245154965971,35.3,3.1320919526731648
207,12.8,1.8867962264113207,35.3,3.1320919526731648
208,12.8,1.8867962264113207,35.3,3.1320919526731648
209,12.8,1.8867962264113207,35.3,3.1320919526731648
210,12.8,1.8867962264113207,35.3,3.1320919526731648
211,12.8,1.8867962264113207,35.3,3.1320919526731648
212,12.8,1.8867962264113207,35.3,3.1320919526731648
213,12.8,1.8867962264113207,35.3,3.1320919526731648
214,12.8,1.8867962264113207,35.3,3.1320919526731648
215,12.8,1.8867962264113207,35.3,3.1320919526731648
216,12.8,1.8867962264113207,35.3,3.1320919526731648
217,12.8,1.8867962264113207,35.3,3.1320919526731648
218,12.8,1.8867962264113207,35.3,3.1320919526731648
219,12.8,1.8867962264113207,35.3,3.1320919526731648
220,12.8,1.8867962264113207,35.3,3.1320919526731648
221,12.8,1.8867962264113207,35.3,3.1320919526731648
222,12.8,1.8867962264113207,35.3,3.1320919526731648
223,12.8,1.8867962264113207,35.5,3.2326459750489227
224,12.7,1.9000000000000001,35.5,3.2326459750489227
225,12.7,1.9000000000000001,35.5,3.2326459750489227
226,12.7,1.9000000000000001,35.5,3.2326459750489227
227,12.7,1.9000000000000001,35.5,3.2326459750489227
228,12.7,1.9000000000000001,35.5,3.2326459750489227
229,12.7,1.9000000000000001,35.5,3.2326459750489227
230,12.7,1.9000000000000001,35.5,3.2326459750489227
231,12.7,1.9000000000000001,35.5,3.2326459750489227
232,12.7,1.9000000000000001,35.5,3.2326459750489227
233,12.7,1.9000000000000001,35.5,3.2326459750489227
234,12.7,1.9000000000000001,35.5,3.2326459750489227
235,12.7,1.9000000000000001,35.5,3.2326459750489227
236,12.7,1.9000000000000001,35.5,3.2326459750489227
237,12.7,1.9000000000000001,35.5,3.2326459750489227
238,12.7,1.9000000000000001,35.5,3.2326459750489227
239,12.7,1.9000000000000001,35.5,3.2326459750489227
240,12.7,1.9000000000000001,35.5,3.2326459750489227
241,12.7,1.9000000000000001,35.5,3.2326459750489227
242,12.6,1.8,35.5,3.2326459750489227
243,12.6,1.8,35.5,3.2326459750489227
244,12.6,1.8,35.5,3.2326459750489227
245,12.6,1.8,35.5,3.2326459750489227
246,12.6,1.8,35.5,3.2326459750489227
247,12.5,1.91049731745428,35.5,3.2326459750489227
248,12.5,1.91049731745428,35.5,3.2326459750489227
249,12.5,1.91049731745428,35.5,3.2326459750489227
250,12.5,1.91049731745428,35.5,3.2326459750489227
251,12.5,1.91049731745428,35.5,3.2326459750489227
252,12.5,1.91049731745428,35.5,3.2326459750489227
253,12.5,1.91049731745428,35.5,3.2326459750489227
254,12.5,1.91049731745428,35.5,3.2326459750489227
255,12.5,1.91049731745428,35.5,3.2326459750489227
256,12.5,1.91049731745428,35.5,3.2326459750489227
257,12.5,1.91049731745428,35.5,3.2326459750489227
258,12.5,1.91049731745428,35.5,3.2326459750489227
259,12.5,1.91049731745428,35.5,3.2326459750489227
260,12.3,1.8466185312619388,35.5,3.2326459750489227
261,12.1,1.7578395831246947,35.6,3.3226495451672298
262,12.1,1.7578395831246947,35.6,3.3226495451672298
263,12.1,1.7578395831246947,35.6,3.3226495451672298
264,12.1,1.7578395831246947,35.6,3.3226495451672298
265,12.1,1.7578395831246947,35.6,3.3226495451672298
266,12.1,1.7578395831246947,35.6,3.3226495451672298
267,12.1,1.7578395831246947,35.6,3.3226495451672298
268,12.1,1.7578395831246947,35.6,3.3226495451672298
269,12.1,1.7578395831246947,35.6,3.3226495451672298
270,12.1,1.7578395831246947,35.6,3.3226495451672298
271,12.1,1.7578395831246947,35.6,3.3226495451672298
272,12.1,1.7578395831246947,35.6,3.3226495451672298
273,12.1,1.7578395831246947,35.6,3.3226495451672298
274,12.0,1.7888543819998317,35.6,3.3226495451672298
275,12.0,1.7888543819998317,35.6,3.3226495451672298
276,12.0,1.7888543819998317,35.6,3.3226495451672298
277,12.0,1.7888543819998317,35.6,3.3226495451672298
278,12.0,1.7888543819998317,35.6,3.3226495451672298
279,11.9,1.8138357147217055,35.6,3.3226495451672298
280,11.9,1.8138357147217055,35.6,3.3226495451672298
281,11.9,1.8138357147217055,35.6,3.3226495451672298
282,11.9,1.8138357147217055,35.6,3.3226495451672298
283,11.9,1.8138357147217055,35.6,3.3226495451672298
284,11.8,1.7204650534085253,35.6,3.3226495451672298
285,11.8,1.7204650534085253,35.6,3.3226495451672298
286,11.8,1.7204650534085253,35.6,3.3226495451672298
287,11.8,1.7204650534085253,35.6,3.3226495451672298
288,11.8,1.7204650534085253,35.6,3.3226495451672298
289,11.8,1.7204650534085253,35.6,3.3226495451672298
290,11.8,1.7204650534085253,35.6,3.3226495451672298
291,11.8,1.7204650534085253,35.6,3.3226495451672298
292,11.7,1.6155494421403513,36.1,3.269556544854363
293,11.7,1.6155494421403513,36.1,3.269556544854363
294,11.7,1.6155494421403513,36.1,3.269556544854363
295,11.7,1.6155494421403513,36.1,3.269556544854363
296,11.7,1.6155494421403513,36.1,3.269556544854363
297,11.7,1.6155494421403513,36.1,3.269556544854363
298,11.7,1.6155494421403513,36.1,3.269556544854363
299,11.7,1.6155494421403513,36.1,3.269556544854363
300,11.7,1.6155494421403513,36.1,3.269556544854363
301,11.7,1.6155494421403513,36.1,3.269556544854363
302,11.7,1.6155494421403513,36.1,3.269556544854363
303,11.7,1.6155494421403513,36.2,3.340658617698013
304,11.7,1.6155494421403513,36.2,3.340658617698013
305,11.7,1.6155494421403513,36.2,3.340658617698013
306,11.7,1.6155494421403513,36.2,3.340658617698013
307,11.6,1.4966629547095764,36.2,3.340658617698013
308,11.6,1.4966629547095764,36.2,3.340658617698013
309,11.5,1.4317821063276353,36.2,3.340658617698013
310,11.5,1.4317821063276353,36.2,3.340658617698013
311,11.5,1.4317821063276353,36.2,3.340658617698013
312,11.5,1.4317821063276353,36.2,3.340658617698013
313,11.5,1.4317821063276353,36.2,3.340658617698013
314,11.5,1.4317821063276353,36.2,3.340658617698013
315,11.4,1.5620499351813308,36.2,3.340658617698013
316,11.4,1.5620499351813308,36.2,3.340658617698013
317,11.4,1.5620499351813308,36.2,3.340658617698013
318,11.4,1.5620499351813308,36.2,3.340658617698013
319,11.3,1.6155494421403513,36.2,3.340658617698013
320,11.3,1.6155494421403513,36.2,3.340658617698013
321,11.3,1.6155494421403513,36.2,3.340658617698013
322,11.3,1.6155494421403513,36.2,3.340658617698013
323,11.3,1.6155494421403513,36.2,3.340658617698013
324,11.3,1.6155494421403513,36.2,3.340658617698013
325,11.3,1.6155494421403513,36.2,3.340658617698013
326,11.2,1.7204650534085253,36.2,3.340658617698013
327,11.1,1.7578395831246945,36.2,3.340658617698013
328,10.9,1.57797338380595,36.2,3.340658617698013
329,10.9,1.57797338380595,36.2,3.340658617698013
330,10.9,1.57797338380595,36.2,3.340658617698013
331,10.9,1.57797338380595,36.2,3.340658617698013
332,10.8,1.6,36.2,3.340658617698013
333,10.8,1.6,36.2,3.340658617698013
334,10.8,1.6,36.2,3.340658617698013
335,10.8,1.6,36.2,3.340658617698013
336,10.8,1.6,36.2,3.340658617698013
337,10.8,1.6,36.2,3.340658617698013
338,10.8,1.6,36.2,3.340658617698013
339,10.8,1.6,36.2,3.340658617698013
340,10.8,1.6,36.2,3.340658617698013
341,10.8,1.6,36.2,3.340658617698013
342,10.8,1.6,36.2,3.340658617698013
343,10.8,1.6,36.2,3.340658617698013
344,10.8,1.6,36.2,3.340658617698013
345,10.7,1.676305461424021,36.2,3.340658617698013
346,10.7,1.676305461424021,36.2,3.340658617698013
347,10.7,1.676305461424021,36.2,3.340658617698013
348,10.7,1.676305461424021,36.2,3.340658617698013
349,10.7,1.676305461424021,36.2,3.340658617698013
350,10.5,1.4317821063276353,36.2,3.340658617698013
351,10.5,1.4317821063276353,36.2,3.340658617698013
352,10.5,1.4317821063276353,36.2,3.340658617698013
353,10.5,1.4317821063276353,36.2,3.340658617698013
354,10.4,1.2806248474865698,36.2,3.340658617698013
355,10.4,1.2806248474865698,36.2,3.340658617698013
356,10.4,1.2806248474865698,36.2,3.340658617698013
357,10.4,1.2806248474865698,36.2,3.340658617698013
358,10.4,1.2806248474865698,36.2,3.340658617698013
359,10.4,1.2806248474865698,36.2,3.340658617698013
360,10.4,1.2806248474865698,36.2,3.340658617698013
361,10.4,1.2806248474865698,36.2,3.340658617698013
362,10.4,1.2806248474865698,36.2,3.340658617698013
363,10.4,1.2806248474865698,36.2,3.340658617698013
364,10.4,1.2806248474865698,36.2,3.340658617698013
365,10.4,1.2806248474865698,36.2,3.340658617698013
366,10.4,1.2806248474865698,36.2,3.340658617698013
367,10.4,1.2806248474865698,36.2,3.340658617698013
368,10.3,1.1874342087037917,36.2,3.340658617698013
369,10.3,1.1874342087037917,36.2,3.340658617698013
370,10.3,1.1874342087037917,36.2,3.340658617698013
371,10.3,1.1874342087037917,36.2,3.340658617698013
372,10.3,1.1874342087037917,36.2,3.340658617698013
373,10.3,1.1874342087037917,36.2,3.340658617698013
374,10.3,1.1874342087037917,36.2,3.340658617698013
375,10.3,1.1874342087037917,36.2,3.340658617698013
376,10.3,1.1874342087037917,36.2,3.340658617698013
377,10.1,1.2206555615733703,36.2,3.340658617698013
378,10.1,1.2206555615733703,36.2,3.340658617698013
379,10.1,1.2206555615733703,36.2,3.340658617698013
380,10.1,1.2206555615733703,36.2,3.340658617698013
381,10.1,1.2206555615733703,36.2,3.340658617698013
382,10.1,1.2206555615733703,36.2,3.340658617698013
383,10.0,1.2649110640673518,36.2,3.340658617698013
384,10.0,1.2649110640673518,36.2,3.340658617698013
385,9.9,1.2206555615733703,36.2,3.340658617698013
386,9.9,1.2206555615733703,36.3,3.4073450074801643
387,9.9,1.2206555615733703,36.3,3.4073450074801643
388,9.9,1.2206555615733703,36.3,3.4073450074801643
389,9.9,1.2206555615733703,36.3,3.4073450074801643
390,9.9,1.2206555615733703,36.3,3.4073450074801643
391,9.9,1.2206555615733703,36.3,3.4073450074801643
392,9.9,1.2206555615733703,36.3,3.4073450074801643
393,9.9,1.2206555615733703,36.3,3.4073450074801643
394,9.9,1.2206555615733703,36.3,3.4073450074801643
395,9.9,1.2206555615733703,36.3,3.4073450074801643
396,9.9,1.2206555615733703,36.3,3.4073450074801643
397,9.9,1.2206555615733703,36.3,3.4073450074801643
398,9.9,1.2206555615733703,36.3,3.4073450074801643
399,9.9,1.2206555615733703,36.3,3.4073450074801643
400,9.9,1.2206555615733703,36.3,3.4073450074801643
401,9.8,1.32664991614216,36.3,3.4073450074801643
402,9.8,1.32664991614216,36.3,3.4073450074801643
403,9.8,1.32664991614216,36.3,3.4073450074801643
404,9.7,1.1874342087037917,36.3,3.4073450074801643
405,9.7,1.1874342087037917,36.3,3.4073450074801643
406,9.7,1.1874342087037917,36.3,3.4073450074801643
407,9.7,1.1874342087037917,36.3,3.4073450074801643
408,9.7,1.1874342087037917,36.3,3.4073450074801643
409,9.7,1.1874342087037917,36.3,3.4073450074801643
410,9.7,1.1874342087037917,36.3,3.4073450074801643
411,9.7,1.1874342087037917,36.3,3.4073450074801643
412,9.7,1.1874342087037917,36.3,3.4073450074801643
413,9.7,1.1874342087037917,36.3,3.4073450074801643
414,9.7,1.1874342087037917,36.3,3.4073450074801643
415,9.7,1.1874342087037917,36.3,3.4073450074801643
416,9.7,1.1874342087037917,36.3,3.4073450074801643
417,9.6,1.1135528725660042,36.3,3.4073450074801643
418,9.6,1.1135528725660042,36.3,3.4073450074801643
419,9.6,1.1135528725660042,36.3,3.4073450074801643
420,9.6,1.1135528725660042,36.3,3.4073450074801643
421,9.6,1.1135528725660042,36.3,3.4073450074801643
422,9.5,1.284523257866513,36.3,3.4073450074801643
423,9.5,1.284523257866513,36.3,3.4073450074801643
424,9.5,1.284523257866513,36.3,3.4073450074801643
425,9.5,1.284523257866513,36.3,3.4073450074801643
426,9.4,1.2,36.3,3.4073450074801643
427,9.4,1.2,36.3,3.4073450074801643
428,9.4,1.2,36.3,3.4073450074801643
429,9.4,1.2,36.3,3.4073450074801643
430,9.4,1.2,36.3,3.4073450074801643
431,9.4,1.2,36.3,3.4073450074801643
432,9.4,1.2,36.6,2.8354893757515653
433,9.3,1.1,36.6,2.8354893757515653
434,9.3,1.1,36.6,2.8354893757515653
435,9.3,1.1,36.6,2.8354893757515653
436,9.3,1.1,36.6,2.8354893757515653
437,9.3,1.1,36.6,2.8354893757515653
438,9.3,1.1,36.6,2.8354893757515653
439,9.3,1.1,36.6,2.8354893757515653
440,9.3,1.1,36.6,2.8354893757515653
441,9.3,1.1,36.6,2.8354893757515653
442,9.3,1.1,36.6,2.8354893757515653
443,9.3,1.1,36.6,2.8354893757515653
444,9.3,1.1,36.6,2.8354893757515653
445,9.3,1.1,36.6,2.8354893757515653
446,9.3,1.1,36.6,2.8354893757515653
447,9.3,1.1,36.6,2.8354893757515653
448,9.3,1.1,36.6,2.8354893757515653
449,9.3,1.1,36.6,2.8354893757515653
450,9.3,1.1,36.7,2.9000000000000004
451,9.3,1.1,36.7,2.9000000000000004
452,9.3,1.1,36.7,2.9000000000000004
453,9.3,1.1,36.7,2.9000000000000004
454,9.3,1.1,36.7,2.9000000000000004
455,9.3,1.1,36.7,2.9000000000000004
456,9.2,1.16619037896906,36.7,2.9000000000000004
457,9.2,1.16619037896906,36.7,2.9000000000000004
458,9.2,1.16619037896906,36.7,2.9000000000000004
459,9.2,1.16619037896906,36.7,2.9000000000000004
460,9.2,1.16619037896906,36.7,2.9000000000000004
461,9.2,1.16619037896906,36.7,2.9000000000000004
462,9.2,1.16619037896906,36.7,2.9000000000000004
463,9.2,1.16619037896906,36.7,2.9000000000000004
464,9.1,1.1357816691600546,36.7,2.9000000000000004
465,9.1,1.1357816691600546,36.7,2.9000000000000004
466,9.0,1.0954451150103321,37.3,2.4515301344262523
467,9.0,1.0954451150103321,37.3,2.4515301344262523
468,9.0,1.0954451150103321,37.3,2.4515301344262523
469,9.0,1.0954451150103321,37.3,2.4515301344262523
470,9.0,1.0954451150103321,37.3,2.4515301344262523
471,9.0,1.0954451150103321,37.3,2.4515301344262523
472,9.0,1.0954451150103321,37.3,2.4515301344262523
473,8.9,0.9433981132056604,37.3,2.4515301344262523
474,8.9,0.9433981132056604,37.3,2.4515301344262523
475,8.9,0.9433981132056604,37.3,2.4515301344262523
476,8.9,0.9433981132056604,37.3,2.4515301344262523
477,8.8,1.0770329614269007,37.3,2.4515301344262523
478,8.8,1.0770329614269007,37.3,2.4515301344262523
479,8.8,1.0770329614269007,37.3,2.4515301344262523
480,8.8,1.0770329614269007,37.3,2.4515301344262523
481,8.8,1.0770329614269007,37.3,2.4515301344262523
482,8.8,1.0770329614269007,37.3,2.4515301344262523
483,8.8,1.0770329614269007,37.3,2.4515301344262523
484,8.8,1.0770329614269007,37.3,2.4515301344262523
485,8.8,1.0770329614269007,37.3,2.4515301344262523
486,8.8,1.0770329614269007,37.3,2.4515301344262523
487,8.8,1.0770329614269007,37.3,2.4515301344262523
488,8.8,1.0770329614269007,37.3,2.4515301344262523
489,8.8,1.0770329614269007,37.3,2.4515301344262523
490,8.8,1.0770329614269007,37.3,2.4515301344262523
491,8.8,1.0770329614269007,37.3,2.4515301344262523
492,8.8,1.0770329614269007,37.3,2.4515301344262523
493,8.7,1.1874342087037917,37.9,1.7000000000000002
494,8.7,1.1874342087037917,37.9,1.7000000000000002
495,8.7,1.1874342087037917,37.9,1.7000000000000002
496,8.6,1.1135528725660042,37.9,1.7000000000000002
497,8.6,1.1135528725660042,37.9,1.7000000000000002
498,8.6,1.1135528725660042,37.9,1.7000000000000002
499,8.6,1.1135528725660042,37.9,1.7000000000000002
500,8.6,1.1135528725660042,37.9,1.7000000000000002
501,8.6,1.1135528725660042,37.9,1.7000000000000002
502,8.6,1.1135528725660042,37.9,1.7000000000000002
503,8.6,1.1135528725660042,37.9,1.7000000000000002
504,8.6,1.1135528725660042,37.9,1.7000000000000002
505,8.6,1.1135528725660042,37.9,1.7000000000000002
506,8.6,1.1135528725660042,37.9,1.7000000000000002
507,8.6,1.1135528725660042,37.9,1.7000000000000002
508,8.4,1.019803902718557,37.9,1.7000000000000002
509,8.4,1.019803902718557,37.9,1.7000000000000002
510,8.4,1.019803902718557,37.9,1.7000000000000002
511,8.3,1.004987562112089,37.9,1.7000000000000002
512,8.3,1.004987562112089,37.9,1.7000000000000002
513,8.3,1.004987562112089,37.9,1.7000000000000002
514,8.3,1.004987562112089,37.9,1.7000000000000002
515,8.3,1.004987562112089,37.9,1.7000000000000002
516,8.3,1.004987562112089,37.9,1.7000000000000002
517,8.3,1.004987562112089,37.9,1.7000000000000002
518,8.3,1.004987562112089,37.9,1.7000000000000002
519,8.3,1.004987562112089,37.9,1.7000000000000002
520,8.3,1.004987562112089,37.9,1.7000000000000002
521,8.3,1.004987562112089,37.9,1.7000000000000002
522,8.3,1.004987562112089,37.9,1.7000000000000002
523,8.3,1.004987562112089,37.9,1.7000000000000002
524,8.2,0.9797958971132712,37.9,1.7000000000000002
525,8.2,0.9797958971132712,37.9,1.7000000000000002
526,8.2,0.9797958971132712,37.9,1.7000000000000002
527,8.2,0.9797958971132712,37.9,1.7000000000000002
528,8.2,0.9797958971132712,38.0,1.7320508075688772
529,8.2,0.9797958971132712,38.0,1.7320508075688772
530,8.2,0.9797958971132712,38.0,1.7320508075688772
531,8.2,0.9797958971132712,38.0,1.7320508075688772
532,8.2,0.9797958971132712,38.0,1.7320508075688772
533,8.2,0.9797958971132712,38.0,1.7320508075688772
534,8.2,0.9797958971132712,38.0,1.7320508075688772
535,8.2,0.9797958971132712,38.0,1.7320508075688772
536,8.2,0.9797958971132712,38.0,1.7320508075688772
537,8.2,0.9797958971132712,38.0,1.7320508075688772
538,8.2,0.9797958971132712,38.0,1.7320508075688772
539,8.2,0.9797958971132712,38.0,1.7320508075688772
540,8.2,0.9797958971132712,38.0,1.7320508075688772
541,8.2,0.9797958971132712,38.0,1.7320508075688772
542,8.2,0.9797958971132712,38.0,1.7320508075688772
543,8.2,0.9797958971132712,38.0,1.7320508075688772
544,8.2,0.9797958971132712,38.0,1.7320508075688772
545,8.2,0.9797958971132712,38.0,1.7320508075688772
546,8.2,0.9797958971132712,38.0,1.7320508075688772
547,8.2,0.9797958971132712,38.0,1.7320508075688772
548,8.2,0.9797958971132712,38.0,1.7320508075688772
549,8.2,0.9797958971132712,38.0,1.7320508075688772
550,8.2,0.9797958971132712,38.0,1.7320508075688772
551,8.2,0.9797958971132712,38.0,1.7320508075688772
552,8.1,1.1357816691600546,38.0,1.7320508075688772
553,8.1,1.1357816691600546,38.0,1.7320508075688772
554,8.1,1.1357816691600546,38.0,1.7320508075688772
555,8.1,1.1357816691600546,38.0,1.7320508075688772
556,8.1,1.1357816691600546,38.0,1.7320508075688772
557,8.0,1.0954451150103321,38.0,1.7320508075688772
558,8.0,1.0954451150103321,38.0,1.7320508075688772
559,8.0,1.0954451150103321,38.0,1.7320508075688772
560,8.0,1.0954451150103321,38.0,1.7320508075688772
561,8.0,1.0954451150103321,38.0,1.7320508075688772
562,8.0,1.0954451150103321,38.0,1.7320508075688772
563,7.8,0.9797958971132712,38.0,1.7320508075688772
564,7.8,0.9797958971132712,38.0,1.7320508075688772
565,7.8,0.9797958971132712,38.0,1.7320508075688772
566,7.8,0.9797958971132712,38.0,1.7320508075688772
567,7.8,0.9797958971132712,38.0,1.7320508075688772
568,7.8,0.9797958971132712,38.0,1.7320508075688772
569,7.8,0.9797958971132712,38.0,1.7320508075688772
570,7.8,0.9797958971132712,38.1,1.4456832294800963
571,7.8,0.9797958971132712,38.1,1.4456832294800963
572,7.8,0.9797958971132712,38.1,1.4456832294800963
573,7.8,0.9797958971132712,38.1,1.4456832294800963
574,7.8,0.9797958971132712,38.1,1.4456832294800963
575,7.7,1.004987562112089,38.1,1.4456832294800963
576,7.7,1.004987562112089,38.1,1.4456832294800963
577,7.6,0.8,38.1,1.4456832294800963
578,7.6,0.8,38.1,1.4456832294800963
579,7.6,0.8,38.1,1.4456832294800963
580,7.6,0.8,38.2,1.4696938456699071
581,7.6,0.8,38.2,1.4696938456699071
582,7.6,0.8,38.2,1.4696938456699071
583,7.6,0.8,38.2,1.4696938456699071
584,7.6,0.8,38.2,1.4696938456699071
585,7.6,0.8,38.2,1.4696938456699071
586,7.6,0.8,38.2,1.4696938456699071
587,7.6,0.8,38.2,1.4696938456699071
588,7.6,0.8,38.2,1.4696938456699071
589,7.6,0.8,38.2,1.4696938456699071
590,7.6,0.8,38.2,1.4696938456699071
591,7.6,0.8,38.2,1.4696938456699071
592,7.6,0.8,38.2,1.4696938456699071
593,7.6,0.8,38.2,1.4696938456699071
594,7.6,0.8,38.2,1.4696938456699071
595,7.5,0.6708203932499369,38.2,1.4696938456699071
596,7.5,0.6708203932499369,38.2,1.4696938456699071
597,7.4,0.66332495807108,38.2,1.4696938456699071
598,7.4,0.66332495807108,38.2,1.4696938456699071
599,7.4,0.66332495807108,38.2,1.4696938456699071
600,7.4,0.66332495807108,38.2,1.4696938456699071
601,7.4,0.66332495807108,38.2,1.4696938456699071
602,7.4,0.66332495807108,38.2,1.4696938456699071
603,7.4,0.66332495807108,38.2,1.4696938456699071
604,7.4,0.66332495807108,38.2,1.4696938456699071
605,7.4,0.66332495807108,38.2,1.4696938456699071
606,7.4,0.66332495807108,38.2,1.4696938456699071
607,7.4,0.66332495807108,38.2,1.4696938456699071
608,7.4,0.66332495807108,38.2,1.4696938456699071
609,7.4,0.66332495807108,38.2,1.4696938456699071
610,7.4,0.66332495807108,38.2,1.4696938456699071
611,7.4,0.66332495807108,38.2,1.4696938456699071
612,7.4,0.66332495807108,38.2,1.4696938456699071
613,7.4,0.66332495807108,38.2,1.4696938456699071
614,7.4,0.66332495807108,38.2,1.4696938456699071
615,7.4,0.66332495807108,38.2,1.4696938456699071
616,7.4,0.66332495807108,38.2,1.4696938456699071
617,7.4,0.66332495807108,38.2,1.4696938456699071
618,7.4,0.66332495807108,38.2,1.4696938456699071
619,7.4,0.66332495807108,38.2,1.4696938456699071
620,7.4,0.66332495807108,38.2,1.4696938456699071
621,7.4,0.66332495807108,38.2,1.4696938456699071
622,7.4,0.66332495807108,38.2,1.4696938456699071
623,7.4,0.66332495807108,38.2,1.4696938456699071
624,7.4,0.66332495807108,38.2,1.4696938456699071
625,7.4,0.66332495807108,38.2,1.4696938456699071
626,7.4,0.66332495807108,38.2,1.4696938456699071
627,7.4,0.66332495807108,38.2,1.4696938456699071
628,7.4,0.66332495807108,38.2,1.4696938456699071
629,7.4,0.66332495807108,38.2,1.4696938456699071
630,7.3,0.6403124237432849,38.2,1.4696938456699071
631,7.3,0.6403124237432849,38.2,1.4696938456699071
632,7.3,0.6403124237432849,38.2,1.4696938456699071
633,7.3,0.6403124237432849,38.2,1.4696938456699071
634,7.3,0.6403124237432849,38.2,1.4696938456699071
635,7.3,0.6403124237432849,38.2,1.4696938456699071
636,7.3,0.6403124237432849,38.2,1.4696938456699071
637,7.3,0.6403124237432849,38.2,1.4696938456699071
638,7.3,0.6403124237432849,38.2,1.4696938456699071
639,7.3,0.6403124237432849,38.2,1.4696938456699071
640,7.3,0.6403124237432849,38.2,1.4696938456699071
641,7.3,0.6403124237432849,38.2,1.4696938456699071
642,7.3,0.6403124237432849,38.2,1.4696938456699071
643,7.3,0.6403124237432849,38.2,1.4696938456699071
644,7.3,0.6403124237432849,38.2,1.4696938456699071
645,7.2,0.7483314773547882,38.2,1.4696938456699071
646,7.2,0.7483314773547882,38.2,1.4696938456699071
647,7.2,0.7483314773547882,38.2,1.4696938456699071
648,7.2,0.7483314773547882,38.2,1.4696938456699071
649,7.2,0.7483314773547882,38.2,1.4696938456699071
650,7.2,0.7483314773547882,38.2,1.4696938456699071
651,7.2,0.7483314773547882,38.2,1.4696938456699071
652,7.2,0.7483314773547882,38.2,1.4696938456699071
653,7.2,0.7483314773547882,38.2,1.4696938456699071
654,7.2,0.7483314773547882,38.2,1.4696938456699071
655,7.2,0.7483314773547882,38.2,1.4696938456699071
656,7.2,0.7483314773547882,38.2,1.4696938456699071
657,7.2,0.7483314773547882,38.2,1.4696938456699071
658,7.1,0.7000000000000001,38.2,1.4696938456699071
659,7.1,0.7000000000000001,38.2,1.4696938456699071
660,7.1,0.7000000000000001,38.2,1.4696938456699071
661,7.1,0.7000000000000001,38.2,1.4696938456699071
662,7.1,0.7000000000000001,38.2,1.4696938456699071
663,7.1,0.7000000000000001,38.2,1.4696938456699071
664,7.1,0.7000000000000001,38.2,1.4696938456699071
665,7.1,0.7000000000000001,38.2,1.4696938456699071
666,7.1,0.7000000000000001,38.2,1.4696938456699071
667,7.1,0.7000000000000001,38.2,1.4696938456699071
668,7.1,0.7000000000000001,38.2,1.4696938456699071
669,7.0,0.7745966692414834,38.2,1.4696938456699071
670,6.9,0.7000000000000001,38.2,1.4696938456699071
671,6.9,0.7000000000000001,38.2,1.4696938456699071
672,6.9,0.7000000000000001,38.2,1.4696938456699071
673,6.9,0.7000000000000001,38.2,1.4696938456699071
674,6.9,0.7000000000000001,38.2,1.4696938456699071
675,6.9,0.7000000000000001,38.2,1.4696938456699071
676,6.9,0.7000000000000001,38.2,1.4696938456699071
677,6.9,0.7000000000000001,38.2,1.4696938456699071
678,6.8,0.7483314773547882,38.7,0.45825756949558394
679,6.8,0.7483314773547882,38.7,0.45825756949558394
680,6.8,0.7483314773547882,38.7,0.45825756949558394
681,6.8,0.7483314773547882,38.7,0.45825756949558394
682,6.8,0.7483314773547882,38.7,0.45825756949558394
683,6.8,0.7483314773547882,38.7,0.45825756949558394
684,6.8,0.7483314773547882,38.7,0.45825756949558394
685,6.8,0.7483314773547882,38.7,0.45825756949558394
686,6.8,0.7483314773547882,38.7,0.45825756949558394
687,6.8,0.7483314773547882,38.7,0.45825756949558394
688,6.8,0.7483314773547882,38.7,0.45825756949558394
689,6.8,0.7483314773547882,38.7,0.45825756949558394
690,6.8,0.7483314773547882,38.7,0.45825756949558394
691,6.8,0.7483314773547882,38.7,0.45825756949558394
692,6.8,0.7483314773547882,38.7,0.45825756949558394
693,6.8,0.7483314773547882,38.7,0.45825756949558394
694,6.8,0.7483314773547882,38.7,0.45825756949558394
695,6.8,0.7483314773547882,38.8,0.4
696,6.8,0.7483314773547882,38.8,0.4
697,6.8,0.7483314773547882,38.8,0.4
698,6.8,0.7483314773547882,38.8,0.4
699,6.7,0.9,38.8,0.4
700,6.7,0.9,38.8,0.4
701,6.7,0.9,38.8,0.4
702,6.7,0.9,38.8,0.4
703,6.6,0.9165151389911681,38.8,0.4
704,6.6,0.9165151389911681,38.8,0.4
705,6.6,0.9165151389911681,38.8,0.4
706,6.6,0.9165151389911681,38.8,0.4
707,6.6,0.9165151389911681,38.8,0.4
708,6.6,0.9165151389911681,38.8,0.4
709,6.6,0.9165151389911681,38.8,0.4
710,6.6,0.9165151389911681,38.8,0.4
711,6.5,0.806225774829855,38.8,0.4
712,6.5,0.806225774829855,38.8,0.4
713,6.5,0.806225774829855,38.8,0.4
714,6.5,0.806225774829855,38.8,0.4
715,6.5,0.806225774829855,38.8,0.4
716,6.5,0.806225774829855,38.8,0.4
717,6.5,0.806225774829855,38.8,0.4
718,6.5,0.806225774829855,38.8,0.4
719,6.5,0.806225774829855,38.8,0.4
720,6.5,0.806225774829855,38.8,0.4
721,6.4,0.8,38.8,0.4
722,6.4,0.8,38.8,0.4
723,6.4,0.8,38.8,0.4
724,6.4,0.8,38.8,0.4
725,6.4,0.8,38.8,0.4
726,6.4,0.8,38.8,0.4
727,6.4,0.8,38.8,0.4
728,6.4,0.8,38.8,0.4
729,6.4,0.8,38.8,0.4
730,6.4,0.8,38.8,0.4
731,6.4,0.8,38.8,0.4
732,6.3,0.9,38.8,0.4
733,6.3,0.9,38.8,0.4
734,6.3,0.9,38.8,0.4
735,6.3,0.9,38.8,0.4
736,6.3,0.9,38.8,0.4
737,6.3,0.9,38.8,0.4
738,6.3,0.9,38.8,0.4
739,6.3,0.9,38.8,0.4
740,6.3,0.9,38.8,0.4
741,6.3,0.9,38.8,0.4
742,6.3,0.9,38.8,0.4
743,6.3,0.9,38.8,0.4
744,6.2,0.8717797887081347,38.8,0.4
745,6.2,0.8717797887081347,38.8,0.4
746,6.2,0.8717797887081347,38.8,0.4
747,6.2,0.8717797887081347,38.8,0.4
748,6.2,0.8717797887081347,38.8,0.4
749,6.2,0.8717797887081347,38.8,0.4
750,6.2,0.8717797887081347,38.8,0.4
751,6.2,0.8717797887081347,38.8,0.4
752,6.2,0.8717797887081347,38.9,0.3
753,6.2,0.8717797887081347,38.9,0.3
754,6.2,0.8717797887081347,38.9,0.3
755,6.2,0.8717797887081347,38.9,0.3
756,6.2,0.8717797887081347,38.9,0.3
757,6.2,0.8717797887081347,38.9,0.3
758,6.2,0.8717797887081347,38.9,0.3
759,6.2,0.8717797887081347,38.9,0.3
760,6.2,0.8717797887081347,38.9,0.3
761,6.2,0.8717797887081347,38.9,0.3
762,6.2,0.8717797887081347,38.9,0.3
763,6.1,0.9433981132056604,38.9,0.3
764,6.1,0.9433981132056604,38.9,0.3
765,6.1,0.9433981132056604,38.9,0.3
766,6.1,0.9433981132056604,38.9,0.3
767,6.1,0.9433981132056604,38.9,0.3
768,6.1,0.9433981132056604,38.9,0.3
769,6.1,0.9433981132056604,38.9,0.3
770,6.1,0.9433981132056604,38.9,0.3
771,6.0,0.7745966692414834,38.9,0.3
772,6.0,0.7745966692414834,38.9,0.3
773,6.0,0.7745966692414834,38.9,0.3
774,6.0,0.7745966692414834,38.9,0.3
775,6.0,0.7745966692414834,38.9,0.3
776,6.0,0.7745966692414834,38.9,0.3
777,6.0,0.7745966692414834,38.9,0.3
778,6.0,0.7745966692414834,38.9,0.3
779,6.0,0.7745966692414834,38.9,0.3
780,6.0,0.7745966692414834,38.9,0.3
781,6.0,0.7745966692414834,38.9,0.3
782,6.0,0.7745966692414834,38.9,0.3
783,6.0,0.7745966692414834,38.9,0.3
784,6.0,0.7745966692414834,38.9,0.3
785,5.9,0.7000000000000001,38.9,0.3
786,5.9,0.7000000000000001,38.9,0.3
787,5.9,0.7000000000000001,38.9,0.3
788,5.9,0.7000000000000001,38.9,0.3
789,5.9,0.7000000000000001,38.9,0.3
790,5.9,0.7000000000000001,38.9,0.3
791,5.9,0.7000000000000001,38.9,0.3
792,5.9,0.7000000000000001,38.9,0.3
793,5.9,0.7000000000000001,38.9,0.3
794,5.9,0.7000000000000001,38.9,0.3
795,5.9,0.7000000000000001,38.9,0.3
796,5.9,0.7000000000000001,38.9,0.3
797,5.9,0.7000000000000001,38.9,0.3
798,5.9,0.7000000000000001,38.9,0.3
799,5.9,0.7000000000000001,38.9,0.3
800,5.9,0.7000000000000001,38.9,0.3
801,5.9,0.7000000000000001,38.9,0.3
802,5.9,0.7000000000000001,38.9,0.3
803,5.9,0.7000000000000001,38.9,0.3
804,5.9,0.7000000000000001,38.9,0.3
805,5.8,0.7483314773547882,38.9,0.3
806,5.8,0.7483314773547882,38.9,0.3
807,5.8,0.7483314773547882,38.9,0.3
808,5.8,0.7483314773547882,38.9,0.3
809,5.8,0.7483314773547882,38.9,0.3
810,5.8,0.7483314773547882,38.9,0.3
811,5.8,0.7483314773547882,38.9,0.3
812,5.8,0.7483314773547882,38.9,0.3
813,5.7,0.7810249675906654,38.9,0.3
814,5.7,0.7810249675906654,38.9,0.3
815,5.7,0.7810249675906654,38.9,0.3
816,5.7,0.7810249675906654,38.9,0.3
817,5.7,0.7810249675906654,38.9,0.3
818,5.7,0.7810249675906654,38.9,0.3
819,5.7,0.7810249675906654,38.9,0.3
820,5.7,0.7810249675906654,38.9,0.3
821,5.7,0.7810249675906654,38.9,0.3
822,5.7,0.7810249675906654,38.9,0.3
823,5.7,0.7810249675906654,38.9,0.3
824,5.7,0.7810249675906654,38.9,0.3
825,5.7,0.7810249675906654,38.9,0.3
826,5.6,0.66332495807108,38.9,0.3
827,5.6,0.66332495807108,38.9,0.3
828,5.6,0.66332495807108,38.9,0.3
829,5.6,0.66332495807108,38.9,0.3
830,5.6,0.66332495807108,38.9,0.3
831,5.6,0.66332495807108,38.9,0.3
832,5.6,0.66332495807108,38.9,0.3
833,5.6,0.66332495807108,38.9,0.3
834,5.6,0.66332495807108,38.9,0.3
835,5.6,0.66332495807108,38.9,0.3
836,5.6,0.66332495807108,38.9,0.3
837,5.6,0.66332495807108,38.9,0.3
838,5.4,0.6633249580710799,38.9,0.3
839,5.4,0.6633249580710799,38.9,0.3
840,5.4,0.6633249580710799,38.9,0.3
841,5.4,0.6633249580710799,38.9,0.3
842,5.4,0.6633249580710799,38.9,0.3
843,5.4,0.6633249580710799,38.9,0.3
844,5.4,0.6633249580710799,38.9,0.3
845,5.4,0.6633249580710799,38.9,0.3
846,5.4,0.6633249580710799,38.9,0.3
847,5.4,0.6633249580710799,38.9,0.3
848,5.4,0.6633249580710799,38.9,0.3
849,5.4,0.6633249580710799,38.9,0.3
850,5.4,0.6633249580710799,38.9,0.3
851,5.4,0.6633249580710799,38.9,0.3
852,5.4,0.6633249580710799,38.9,0.3
853,5.4,0.6633249580710799,38.9,0.3
854,5.4,0.6633249580710799,38.9,0.3
855,5.4,0.6633249580710799,38.9,0.3
856,5.4,0.6633249580710799,38.9,0.3
857,5.4,0.6633249580710799,38.9,0.3
858,5.4,0.6633249580710799,38.9,0.3
859,5.4,0.6633249580710799,38.9,0.3
860,5.4,0.6633249580710799,38.9,0.3
861,5.4,0.6633249580710799,38.9,0.3
862,5.4,0.6633249580710799,38.9,0.3
863,5.4,0.6633249580710799,38.9,0.3
864,5.4,0.6633249580710799,38.9,0.3
865,5.4,0.6633249580710799,38.9,0.3
866,5.4,0.6633249580710799,38.9,0.3
867,5.4,0.6633249580710799,38.9,0.3
868,5.4,0.6633249580710799,38.9,0.3
869,5.4,0.6633249580710799,38.9,0.3
870,5.4,0.6633249580710799,38.9,0.3
871,5.4,0.6633249580710799,38.9,0.3
872,5.4,0.6633249580710799,38.9,0.3
873,5.4,0.6633249580710799,38.9,0.3
874,5.4,0.6633249580710799,38.9,0.3
875,5.4,0.6633249580710799,38.9,0.3
876,5.4,0.6633249580710799,38.9,0.3
877,5.4,0.6633249580710799,38.9,0.3
878,5.4,0.6633249580710799,38.9,0.3
879,5.4,0.6633249580710799,38.9,0.3
880,5.4,0.6633249580710799,38.9,0.3
881,5.4,0.6633249580710799,38.9,0.3
882,5.4,0.6633249580710799,38.9,0.3
883,5.4,0.6633249580710799,38.9,0.3
884,5.4,0.6633249580710799,38.9,0.3
885,5.4,0.6633249580710799,38.9,0.3
886,5.4,0.6633249580710799,38.9,0.3
887,5.3,0.45825756949558405,38.9,0.3
888,5.3,0.45825756949558405,38.9,0.3
889,5.3,0.45825756949558405,38.9,0.3
890,5.3,0.45825756949558405,38.9,0.3
891,5.3,0.45825756949558405,38.9,0.3
892,5.3,0.45825756949558405,38.9,0.3
893,5.3,0.45825756949558405,38.9,0.3
894,5.3,0.45825756949558405,38.9,0.3
895,5.3,0.45825756949558405,38.9,0.3
896,5.3,0.45825756949558405,38.9,0.3
897,5.3,0.45825756949558405,38.9,0.3
898,5.3,0.45825756949558405,38.9,0.3
899,5.3,0.45825756949558405,38.9,0.3
900,5.3,0.45825756949558405,39.0,0.0
901,5.3,0.45825756949558405,39.0,0.0
902,5.3,0.45825756949558405,39.0,0.0
903,5.3,0.45825756949558405,39.0,0.0
904,5.3,0.45825756949558405,39.0,0.0
905,5.3,0.45825756949558405,39.0,0.0
906,5.3,0.45825756949558405,39.0,0.0
907,5.3,0.45825756949558405,39.0,0.0
908,5.3,0.45825756949558405,39.0,0.0
909,5.3,0.45825756949558405,39.0,0.0
910,5.3,0.45825756949558405,39.0,0.0
911,5.3,0.45825756949558405,39.0,0.0
912,5.3,0.45825756949558405,39.0,0.0
913,5.3,0.45825756949558405,39.0,0.0
914,5.3,0.45825756949558405,39.0,0.0
915,5.3,0.45825756949558405,39.0,0.0
916,5.3,0.45825756949558405,39.0,0.0
917,5.3,0.45825756949558405,39.0,0.0
918,5.3,0.45825756949558405,39.0,0.0
919,5.2,0.39999999999999997,39.0,0.0
920,5.2,0.39999999999999997,39.0,0.0
921,5.2,0.39999999999999997,39.0,0.0
922,5.1,0.3,39.0,0.0
923,5.1,0.3,39.0,0.0
924,5.0,0.0,39.0,0.0
925,5.0,0.0,39.0,0.0
