,Core genome (mean),Core genome (std),Pan genome (mean),Pan genome (std)
0,22.175,0.9123458773951906,22.175,0.9123458773951906
1,21.57,0.798185442112295,22.825,0.9881168959186966
2,21.224,0.7140196075739097,23.166,1.0846400324531638
3,21.028,0.6365657860739925,23.369,1.1708283392538805
4,20.881,0.6056723536698698,23.53,1.3111445381802878
5,20.787,0.5963480527343071,23.642,1.3586154717211194
6,20.705,0.5983101202553739,23.757,1.479848303036497
7,20.645,0.6268771809533347,23.891,1.571979325563794
8,20.594,0.652046010646488,23.972,1.623950738169111
9,20.535,0.6669145372534624,24.038,1.658480027012686
10,20.479,0.7011126870910268,24.158,1.720184873785373
11,20.428,0.7285712044817583,24.283,1.8217878581217954
12,20.38,0.7573638491504594,24.371,1.9118993174327983
13,20.333,0.7925345418339822,24.485,2.012902133736263
14,20.28,0.8195120499419151,24.629,2.124466756623883
15,20.238,0.8374699994626673,24.708,2.1393307364687675
16,20.195,0.8642771546211319,24.762,2.161331996709437
17,20.138,0.8949614516838142,24.868,2.270369132982564
18,20.089,0.9160125544991181,24.964,2.332531671810696
19,20.045,0.924648581894765,25.061,2.3910832273260585
20,20.001,0.936482247562654,25.165,2.4053637978484668
21,19.94,0.9707728879609278,25.257,2.499790191196053
22,19.901,0.9814270222487252,25.327,2.5322067451138346
23,19.85,1.0136567466356647,25.385,2.5726980001547015
24,19.815,1.0182214886752292,25.447,2.590596649422677
25,19.759,1.0492468727616013,25.544,2.6627174089640078
26,19.717,1.0606182159476614,25.629,2.720176281052388
27,19.667,1.078939757354413,25.728,2.76803468186365
28,19.63,1.0904586191139944,25.774,2.783688919401735
29,19.584,1.105867984887889,25.837,2.796503352402782
30,19.562,1.1136229164308717,25.885,2.7963860606146644
31,19.516,1.1241636891485156,25.994,2.8743632338311036
32,19.465,1.132596574248748,26.075,2.9143395478221135
33,19.429,1.1397188249739494,26.133,2.946067039291537
34,19.385,1.1492497552751535,26.213,2.969786355952226
35,19.339,1.161068042795081,26.294,3.026477159999725
36,19.298,1.170980785495646,26.373,3.065268503736663
37,19.255,1.1865812235156934,26.425,3.0754471219645447
38,19.206,1.1981502409965121,26.511,3.0727640651374455
39,19.163,1.2043384075914876,26.587,3.090053559406374
40,19.135,1.2226099132593358,26.667,3.122837011436876
41,19.096,1.2283256897093702,26.727,3.130889809622817
42,19.063,1.2421879889936145,26.767,3.1500334918854436
43,19.027,1.253902308794429,26.828,3.1778004971992813
44,18.985,1.2541032652855986,26.901,3.1766647604051643
45,18.948,1.2638417622471574,26.937,3.170966887244331
46,18.912,1.2752474269725071,26.977,3.176864964080154
47,18.863,1.2916001703313607,27.032,3.183233576098367
48,18.811,1.3020288015247587,27.095,3.2217968588972212
49,18.771,1.3208175498531203,27.146,3.226869070786728
50,18.734,1.3241012045912504,27.206,3.2480092364400686
51,18.696,1.3385006537166877,27.244,3.2493790175970547
52,18.656,1.3407699280637224,27.29,3.264031249850406
53,18.611,1.3452431007070804,27.379,3.284715969456111
54,18.573,1.3515439319533789,27.429,3.2892186002149506
55,18.532,1.3560884926877008,27.483,3.306918656392987
56,18.491,1.3637884733344832,27.52,3.311736704510188
57,18.453,1.3710547035038392,27.604,3.3074437259007143
58,18.407,1.3796198751830155,27.667,3.318450090026969
59,18.367,1.3770660841078035,27.706,3.322884891175137
60,18.314,1.40549066165521,27.767,3.329671305099048
61,18.282,1.4065830938838983,27.805,3.320387778558402
62,18.235,1.4120109772944403,27.863,3.349661326164184
63,18.196,1.4344281090385813,27.902,3.3678473837155978
64,18.164,1.4370469720924226,27.949,3.387388226938271
65,18.128,1.4455504142021474,28.002,3.3849661741293664
66,18.09,1.460102736111401,28.025,3.3832491779353173
67,18.039,1.4783365651975198,28.094,3.4274136021204096
68,18.011,1.4862297938071354,28.129,3.4205787521996918
69,17.973,1.494747804815247,28.161,3.42565015726942
70,17.931,1.5034091259534113,28.221,3.4345536827948986
71,17.887,1.5186279992150808,28.289,3.43969170130115
72,17.845,1.5182144117350487,28.353,3.447084420202093
73,17.812,1.5253379953308708,28.413,3.4638751420915854
74,17.778,1.5299398680993967,28.492,3.483667033457704
75,17.75,1.5341121210654716,28.514,3.4816381201957225
76,17.71,1.5374979674783313,28.6,3.502855977627399
77,17.683,1.5396463879735505,28.634,3.506286354535237
78,17.644,1.5431344724294123,28.664,3.5158361736576977
79,17.607,1.5474336819392291,28.693,3.510662473095356
80,17.579,1.5478239563981429,28.732,3.497738698073371
81,17.545,1.561401613935377,28.762,3.5090391847341924
82,17.517,1.5664325711628955,28.78,3.5104985400937
83,17.483,1.5696212919045154,28.82,3.5227262170086395
84,17.446,1.5877921778368855,28.845,3.513826262068174
85,17.412,1.5856405645668883,28.878,3.4987306269560103
86,17.386,1.586506854696821,28.917,3.4934382776857533
87,17.35,1.5954623154433953,28.979,3.5220106473433606
88,17.321,1.5987366887639751,29.017,3.5208963347420497
89,17.287,1.6020708473722378,29.044,3.5182472909106317
90,17.256,1.6063822708185,29.066,3.517903352850956
91,17.222,1.6139132566529093,29.116,3.5237116794652765
92,17.186,1.6147458004280426,29.142,3.51991988545194
93,17.147,1.6141223621522625,29.171,3.5156448910548406
94,17.104,1.6159158393926336,29.223,3.522679519910944
95,17.083,1.6155837954126677,29.242,3.5118992012869614
96,17.04,1.61752897964766,29.285,3.5380467775313544
97,17.013,1.6219836620632155,29.329,3.5214711414407476
98,16.987,1.6293652138179457,29.355,3.508414884246161
99,16.948,1.637466335531818,29.396,3.495594942209409
100,16.916,1.6434548974644845,29.423,3.498867102363278
101,16.889,1.63971918327499,29.444,3.513810467284768
102,16.867,1.6350262994826719,29.473,3.5021808919586093
103,16.82,1.6375591592366978,29.519,3.5142053155727826
104,16.79,1.6376507564190845,29.536,3.5038127803865318
105,16.755,1.6416379016092435,29.562,3.520817518702155
106,16.729,1.6424247319131553,29.6,3.5176696831851624
107,16.698,1.6434098697525217,29.618,3.523645271590204
108,16.671,1.643398612631762,29.651,3.514142711956929
109,16.639,1.6494480895135804,29.689,3.5284952883630156
110,16.614,1.6507586134865386,29.717,3.5203566580674748
111,16.577,1.650475991948989,29.747,3.5189474278539596
112,16.547,1.6522079166981376,29.772,3.513689798488193
113,16.507,1.6480142596470457,29.795,3.5163866397198134
114,16.482,1.6461093523821557,29.819,3.5122982504337523
115,16.446,1.655017824677426,29.85,3.5113387760226153
116,16.406,1.6568536447133768,29.904,3.5251643933297636
117,16.36,1.6584329953302301,29.955,3.5444287268895676
118,16.322,1.6602156486432722,30.017,3.548339188972779
119,16.294,1.6557668918057273,30.036,3.548056369338007
120,16.277,1.651142331841807,30.079,3.541858128158157
121,16.247,1.664929728246811,30.106,3.5268631955322567
122,16.206,1.6648014896677623,30.136,3.5326341446574965
123,16.18,1.6473008225579202,30.157,3.5276551702228494
124,16.14,1.6542067585401772,30.197,3.5338634665193274
125,16.107,1.6617915031675903,30.213,3.5306700497214405
126,16.084,1.6598023978775303,30.246,3.5266817264958856
127,16.047,1.6681699553702554,30.284,3.5229737438703688
128,16.025,1.6662457801897053,30.294,3.524991347507111
129,15.992,1.6697113523001514,30.342,3.5149731151176673
130,15.969,1.663742468052072,30.367,3.529633267068974
131,15.941,1.6695864757478123,30.398,3.5436698491817777
132,15.907,1.6692366518861246,30.451,3.560280747356871
133,15.875,1.6629416706547466,30.485,3.5603054644229615
134,15.849,1.6667930285431363,30.491,3.5586400492322907
135,15.823,1.6702308223715667,30.534,3.5542712333191457
136,15.794,1.6737873222127118,30.575,3.5525167135426683
137,15.771,1.6740845259424626,30.609,3.553043624837725
138,15.747,1.6807709540565006,30.627,3.5448372318062784
139,15.725,1.688601492359876,30.658,3.546975613110414
140,15.709,1.688880990478607,30.67,3.5402118580672544
141,15.686,1.6903857547908998,30.676,3.536527110033232
142,15.656,1.708117092005112,30.709,3.546592590078539
143,15.618,1.7123305755606888,30.732,3.5510809621860213
144,15.584,1.718995055257577,30.763,3.5432796954234362
145,15.551,1.7185456060285396,30.795,3.538216358562602
146,15.528,1.723141317478053,30.834,3.5350309758190237
147,15.492,1.7227698627501002,30.874,3.5185400381408196
148,15.471,1.7271823875896835,30.901,3.516418490453035
149,15.441,1.729889880888376,30.909,3.5174875977037923
150,15.422,1.7314491040743876,30.942,3.510646094382058
151,15.39,1.741235193763324,30.973,3.510024358889836
152,15.358,1.7389180544234968,30.999,3.5212212370142266
153,15.325,1.7307151700958767,31.027,3.518560927424734
154,15.311,1.72924231963019,31.065,3.5123745529200043
155,15.287,1.733387146600551,31.104,3.5181222264156773
156,15.262,1.734173001750402,31.127,3.5109643974270086
157,15.241,1.7346235902927183,31.151,3.5102989901146597
158,15.216,1.7243387138262598,31.178,3.5088909928921987
159,15.191,1.7194531107302695,31.198,3.5149389752881914
160,15.169,1.7217546282789544,31.241,3.534249425266983
161,15.142,1.7239013892911625,31.271,3.519880537745564
162,15.109,1.7196275759593995,31.295,3.510551950904587
163,15.085,1.723883696773074,31.304,3.5067911258014783
164,15.05,1.7162459031269384,31.335,3.4961085509463232
165,15.018,1.715714428452474,31.351,3.4862299120970204
166,15.002,1.7140583420642368,31.375,3.490612410451782
167,14.963,1.7186131036390941,31.41,3.4845229228690693
168,14.933,1.7112892800458956,31.438,3.4808269132492065
169,14.907,1.7153282484702452,31.474,3.4804200895868878
170,14.884,1.7241067252348388,31.487,3.475605127168505
171,14.858,1.7250611583361328,31.501,3.4638127836244266
172,14.834,1.7269753906758485,31.517,3.4533622746535007
173,14.805,1.7300216761647813,31.527,3.457350285984919
174,14.774,1.735777635528238,31.542,3.4612477518952613
175,14.748,1.7385327146763734,31.569,3.454741524340135
176,14.722,1.7420436274674638,31.583,3.4567486168363475
177,14.689,1.748793584160235,31.6,3.455430508634199
178,14.658,1.7575653615157532,31.653,3.4529105114381404
179,14.635,1.7611856801598176,31.67,3.442833135660223
180,14.61,1.761788863626967,31.693,3.4509058231136938
181,14.583,1.7672325823162043,31.703,3.451201385025221
182,14.568,1.7780258715778015,31.719,3.4447117441086417
183,14.54,1.7816845961056071,31.747,3.4463010605575364
184,14.523,1.7774900843605288,31.781,3.439918458335895
185,14.498,1.7753861551786416,31.796,3.43749676363484
186,14.476,1.7786016979638808,31.819,3.430195183950907
187,14.466,1.777313703317453,31.833,3.42302658476384
188,14.441,1.7834009644496664,31.854,3.4244246232031452
189,14.417,1.7852481620211795,31.865,3.4273568533200622
190,14.391,1.7804827996922632,31.885,3.4315849107955936
191,14.371,1.7797075602469075,31.899,3.427943844347512
192,14.345,1.7804423607631896,31.934,3.4037690873500805
193,14.327,1.7692006669679954,31.947,3.402086271686831
194,14.302,1.7716647538402968,31.954,3.3985120273437315
195,14.28,1.7707625476048447,31.972,3.3863278045694276
196,14.269,1.77105589973891,31.982,3.382259008414347
197,14.239,1.7753532042948528,32.02,3.370697257245154
198,14.213,1.7724646681951097,32.045,3.375051851453545
199,14.196,1.7673664023059847,32.071,3.376974829636727
200,14.166,1.7556890385259,32.085,3.3796116640821325
201,14.137,1.7624502829867286,32.104,3.3839598106360547
202,14.115,1.7662884815340896,32.112,3.3786766640209893
203,14.085,1.763455414803561,32.14,3.387093148999596
204,14.059,1.7616807315742544,32.148,3.3843900484429983
205,14.033,1.7640609399904528,32.178,3.3853088485395246
206,14.012,1.7657451684770369,32.188,3.3877213580812695
207,13.994,1.7725586026983706,32.21,3.389085422352172
208,13.975,1.7743660839860529,32.229,3.3877070416433592
209,13.956,1.7731508678056698,32.256,3.3977145259718333
210,13.929,1.7736851468059374,32.277,3.3929737694241022
211,13.903,1.7808961227427051,32.326,3.393777246667789
212,13.887,1.7844413691685137,32.356,3.392530618874353
213,13.858,1.7820875399373624,32.384,3.3785416972415776
214,13.838,1.7859888017566068,32.389,3.378709664946072
215,13.818,1.7829402682086688,32.408,3.373949614324434
216,13.803,1.777129989618092,32.423,3.3734360820978955
217,13.778,1.7812119469619554,32.466,3.388044273618631
218,13.756,1.7760810792303376,32.484,3.3884722221083647
219,13.74,1.78,32.505,3.391161305511727
220,13.712,1.7739943630124644,32.528,3.3780491411464104
221,13.686,1.7712718594275698,32.542,3.377608029360423
222,13.665,1.7716588272012195,32.548,3.372787571134595
223,13.631,1.775060280666547,32.557,3.3732404302095036
224,13.61,1.7787355059142433,32.577,3.373436082097896
225,13.595,1.7852100716722388,32.589,3.3755116649183727
226,13.571,1.7812801576394433,32.602,3.384316179082563
227,13.556,1.7857390626852514,32.614,3.381863983072057
228,13.538,1.7901273697700957,32.631,3.3776972925352564
229,13.51,1.786588928657065,32.646,3.3720444836923487
230,13.489,1.7899382670919128,32.654,3.364860175401052
231,13.469,1.790262271288763,32.674,3.3665596682667007
232,13.452,1.7865318357085047,32.682,3.3607850273410826
233,13.431,1.7886416633859337,32.695,3.3668939692244537
234,13.411,1.7855192522064836,32.712,3.360514246361708
235,13.39,1.7781732199085667,32.72,3.3552347160817226
236,13.363,1.777422572153285,32.755,3.362287167985507
237,13.344,1.7814780380347102,32.764,3.367239819199102
238,13.32,1.7853851125177447,32.784,3.3733283267420027
239,13.3,1.7821335527956372,32.797,3.3704289044571167
240,13.283,1.7795816924210026,32.831,3.3660717461159377
241,13.261,1.7761979056400214,32.859,3.3578443978242944
242,13.241,1.7683096448303393,32.866,3.3567907292531656
243,13.221,1.7697906655873175,32.884,3.351797129899123
244,13.203,1.768556190795192,32.908,3.3474671021535074
245,13.181,1.7686828432480484,32.919,3.3446134305775908
246,13.153,1.7684996465931229,32.95,3.3414817072670018
247,13.129,1.7670198074724572,32.974,3.3315647975088223
248,13.106,1.76600226500421,32.99,3.324740591384537
249,13.09,1.7674557985986523,33.001,3.3179811632979472
250,13.077,1.7587128816267878,33.026,3.3192354541369915
251,13.052,1.751369749653111,33.031,3.316630669821408
252,13.035,1.7457877877909445,33.045,3.3164702621914164
253,13.022,1.7462863453626383,33.061,3.3168176012557575
254,12.997,1.7444170946192883,33.072,3.3082950291653255
255,12.979,1.7425725235983724,33.083,3.301834490097891
256,12.959,1.7496625388914286,33.114,3.311646720288866
257,12.933,1.744279507418464,33.132,3.308258756506208
258,12.919,1.7402410752536557,33.143,3.297051864924178
259,12.894,1.74320509407241,33.158,3.3007629421089906
260,12.873,1.7397905046297961,33.168,3.2954174242423373
261,12.861,1.7434675219229063,33.186,3.2783233519590467
262,12.843,1.7465254077739607,33.207,3.2833140270159964
263,12.819,1.7447747705649574,33.224,3.2896540851584986
264,12.798,1.742755289763884,33.229,3.2894618100838318
265,12.778,1.735141492789565,33.24,3.2879172738984783
266,12.757,1.7435455256459464,33.266,3.291996962331527
267,12.738,1.7335962621094914,33.285,3.2923813570119727
268,12.723,1.7344367961963907,33.306,3.2845645069019427
269,12.703,1.7270758524164478,33.332,3.278685102293296
270,12.68,1.7220917513303409,33.341,3.2733345383568726
271,12.659,1.7247373713119338,33.361,3.2772975147215426
272,12.637,1.7231456699884662,33.371,3.2682348446829828
273,12.617,1.7188109261928726,33.39,3.2664812872569775
274,12.592,1.7185854648518357,33.404,3.2712052824608855
275,12.578,1.7140350054768423,33.421,3.2673780007828905
276,12.555,1.7102558288162624,33.433,3.266727873576249
277,12.534,1.7125548166409157,33.447,3.261777276271328
278,12.52,1.7075128110793196,33.465,3.2669213336105907
279,12.5,1.70293863659264,33.488,3.2735082098568205
280,12.481,1.7063525427062252,33.498,3.270779112077121
281,12.467,1.7067252268599067,33.509,3.273823300057595
282,12.447,1.7114879491249715,33.537,3.2589309596860137
283,12.42,1.7127755252805312,33.577,3.254853452922266
284,12.399,1.705813295762464,33.585,3.253117735342513
285,12.385,1.7055131192693884,33.603,3.2381153469263566
286,12.364,1.7027929997507036,33.62,3.226701101744628
287,12.349,1.704464432013763,33.629,3.225423848116709
288,12.34,1.6989408465276243,33.647,3.230540357277711
289,12.322,1.700092938636003,33.658,3.2343524854288837
290,12.306,1.695394939239822,33.674,3.2378579338815965
291,12.288,1.6950091445181055,33.687,3.2272327155010068
292,12.272,1.6958820713717095,33.695,3.2236586357739556
293,12.249,1.6967613267634314,33.716,3.225111470941741
294,12.229,1.6954524469887087,33.729,3.231030640523237
295,12.214,1.696527040751193,33.734,3.2281951613866218
296,12.199,1.6962897747731664,33.742,3.222023587747302
297,12.181,1.6912241128839194,33.762,3.2223215233741036
298,12.163,1.6965939408120023,33.778,3.21600932834468
299,12.142,1.6911049642171831,33.805,3.2135611088012626
300,12.122,1.6944367795819353,33.822,3.206605058313231
301,12.101,1.6978807378611727,33.828,3.2047489761290198
302,12.089,1.69796319159162,33.845,3.2048361892614725
303,12.071,1.7029265985355917,33.859,3.2070420951400056
304,12.047,1.6990559143241872,33.894,3.2069867477119387
305,12.027,1.6959572518197503,33.914,3.2072736085342015
306,12.006,1.6976348252789821,33.931,3.2003498246285518
307,11.988,1.6958348976241762,33.943,3.1968345280918125
308,11.966,1.6925850052508442,33.96,3.1978742939646643
309,11.953,1.686057828189769,33.971,3.1962726729739437
310,11.935,1.67594003472678,34.0,3.1971862629505963
311,11.921,1.6759352612795042,34.016,3.197771724185452
312,11.899,1.680118745803403,34.028,3.1967508504730238
313,11.875,1.6826690108277385,34.031,3.196879572332996
314,11.856,1.6814469958937153,34.052,3.2073814865088934
315,11.838,1.6821878610904313,34.064,3.2059170294940578
316,11.816,1.6763484124727772,34.075,3.1980267353479084
317,11.808,1.6778367024236895,34.082,3.194256721054211
318,11.795,1.6795758393118185,34.082,3.194256721054211
319,11.784,1.6773025964327366,34.111,3.197292448306848
320,11.757,1.6852154164972502,34.156,3.2036953662918704
321,11.739,1.6848973262486944,34.161,3.202979706460845
322,11.724,1.6893264930143017,34.178,3.188779703899283
323,11.71,1.6917151060388387,34.192,3.176654844329173
324,11.684,1.6846791979483808,34.206,3.1745179161567196
325,11.672,1.6829783123974,34.224,3.1742438469657617
326,11.652,1.6789568189801665,34.237,3.166832960545914
327,11.641,1.6840780860755833,34.261,3.157036426777493
328,11.632,1.6842137631547844,34.275,3.155213938863734
329,11.613,1.686188305024086,34.291,3.1575811945221615
330,11.6,1.6852299546352716,34.305,3.1543580963486053
331,11.584,1.6890660141036524,34.316,3.1502609415729355
332,11.565,1.6869425005020178,34.323,3.1446257328973193
333,11.543,1.6840875867958887,34.334,3.1382230640921627
334,11.527,1.6766845260811587,34.343,3.136773979744157
335,11.516,1.6774218312636806,34.356,3.133251346445095
336,11.492,1.6822413619929808,34.369,3.135735798819792
337,11.475,1.6838571792168122,34.381,3.131746956572322
338,11.456,1.682873732637122,34.402,3.1382154164429186
339,11.441,1.6859771647326662,34.415,3.142415472212419
340,11.42,1.687483333251028,34.419,3.1390187957385662
341,11.406,1.6820118905643917,34.427,3.134433122591707
342,11.394,1.6747429653531911,34.43,3.1316289690830232
343,11.38,1.6767826334978544,34.433,3.129458579371198
344,11.37,1.6742460989950074,34.435,3.12854199268605
345,11.356,1.6766824386269452,34.452,3.1304466135042137
346,11.34,1.6746342884343437,34.46,3.134070835191828
347,11.323,1.680675756950162,34.474,3.1390004778591547
348,11.314,1.677916565267773,34.486,3.1403509358031947
349,11.298,1.6784504758854222,34.497,3.1419724696438696
350,11.283,1.6777696504586082,34.506,3.146738629120632
351,11.261,1.6783560408923963,34.51,3.1432308219410166
352,11.246,1.674360773549118,34.515,3.1393908644831083
353,11.232,1.6817181690164378,34.527,3.133252463495401
354,11.216,1.688,34.54,3.128641877876086
355,11.194,1.6912610679608278,34.555,3.119130487812268
356,11.174,1.6869273843292725,34.572,3.119425588149203
357,11.157,1.6799854166033703,34.58,3.1201923017660307
358,11.13,1.6730511050174168,34.606,3.1152470207031735
359,11.114,1.6772012401617167,34.621,3.110202404989103
360,11.097,1.6803544268992778,34.629,3.1053758226662356
361,11.086,1.6800607131886631,34.639,3.107841533926722
362,11.074,1.6776543148098182,34.642,3.1080276704044962
363,11.055,1.6858158262396283,34.665,3.0991571434827243
364,11.04,1.6794046564184582,34.692,3.094048480551008
365,11.027,1.6823409285873063,34.705,3.0893324521650305
366,11.012,1.6780512507072005,34.723,3.0887329117293385
367,11.0,1.6745148551147582,34.723,3.0887329117293385
368,10.979,1.6716934527598055,34.737,3.0860704787804183
369,10.962,1.6656998529146838,34.75,3.0782300108991207
370,10.945,1.6691240217551242,34.761,3.0782915716351495
371,10.928,1.6675778842380946,34.763,3.0784461989776597
372,10.914,1.6669145149047087,34.772,3.074738362853009
373,10.899,1.6591561107984987,34.791,3.074625017786722
374,10.882,1.6571288423052686,34.811,3.0690843911499077
375,10.869,1.658866781872493,34.826,3.0720878893677503
376,10.86,1.6596385148579793,34.836,3.073614159259421
377,10.838,1.6594444853624963,34.841,3.068178449829801
378,10.827,1.6586352823933295,34.856,3.0612520314407305
379,10.809,1.6506117047931048,34.864,3.0622710526666315
380,10.788,1.6501684762471984,34.866,3.0613794276436885
381,10.773,1.6472616671312423,34.878,3.0530502780006747
382,10.755,1.649537814055804,34.899,3.045455466756984
383,10.743,1.6477108362816577,34.91,3.0482617997803274
384,10.722,1.6433855299350788,34.918,3.0488155077013106
385,10.705,1.643768536017161,34.936,3.0384048446512195
386,10.686,1.6502739166574742,34.94,3.0325566771290524
387,10.673,1.6462293278884326,34.949,3.0279364260169004
388,10.65,1.6527250225007184,34.971,3.0229388018946066
389,10.634,1.6589285698908196,34.975,3.0233053104177223
390,10.62,1.663610531344401,34.993,3.0240620033326038
391,10.61,1.6618965070063778,34.998,3.0222501550996737
392,10.596,1.6609587592712827,35.012,3.024542279420144
393,10.581,1.6617578042542782,35.025,3.02495867740371
394,10.558,1.6621179260208947,35.039,3.025141153731508
395,10.54,1.6662532820672855,35.043,3.0214484936864308
396,10.524,1.6701568788589891,35.052,3.0204794321431816
397,10.506,1.6667225323970394,35.061,3.0204766180190834
398,10.492,1.664312470661684,35.072,3.0210620649036652
399,10.473,1.6641126764735614,35.092,3.014554030034957
400,10.461,1.6632735794210163,35.093,3.015684167813334
401,10.451,1.660601999276166,35.113,3.011018266301286
402,10.44,1.66024094636893,35.128,3.009255057319004
403,10.433,1.6587679162559177,35.13,3.0098338824592967
404,10.418,1.6611068598979413,35.144,3.0035419091465996
405,10.409,1.669047333061588,35.147,3.0065579987753437
406,10.394,1.6681618626500248,35.149,3.0047959997310962
407,10.384,1.669294461741247,35.169,3.0087271395060067
408,10.375,1.6698428069731592,35.171,3.0069517787952633
409,10.356,1.6736977026930522,35.181,3.005035607110172
410,10.341,1.6753265353357238,35.206,2.99725941486552
411,10.33,1.6676630355080728,35.218,2.995742979629594
412,10.316,1.6667765297123667,35.222,2.993779551002378
413,10.305,1.6667258322831622,35.225,2.991383459204119
414,10.291,1.6728176828333685,35.233,2.993444671277557
415,10.278,1.6699449092709615,35.237,2.990122238303979
416,10.26,1.6710475756243448,35.247,2.985295797739313
417,10.244,1.6698694559755265,35.25,2.986553197249297
418,10.232,1.668585029298777,35.256,2.9759811827362084
419,10.22,1.6684124190379308,35.262,2.975458956194826
420,10.206,1.6690008987415197,35.269,2.9760105846585967
421,10.192,1.668273358895358,35.281,2.9749015109747754
422,10.18,1.6630093204789926,35.284,2.9761290294609206
423,10.172,1.6566279002841886,35.287,2.973656167077828
424,10.161,1.6562243205556426,35.288,2.9727186210605265
425,10.143,1.657272156285744,35.301,2.9729444999865033
426,10.133,1.6544820941914118,35.307,2.9649200663761577
427,10.121,1.6523797989566442,35.315,2.9650927472846447
428,10.109,1.6520045399453356,35.322,2.965858391764516
429,10.098,1.6560181158429397,35.322,2.965858391764516
430,10.086,1.65003151485055,35.324,2.963616709360372
431,10.073,1.6473223728220292,35.338,2.955969553293809
432,10.058,1.654882473168412,35.348,2.9524389917490255
433,10.047,1.6531155434512133,35.359,2.9540005077860094
434,10.04,1.6548111674750081,35.366,2.9492446490584667
435,10.026,1.6581085609814574,35.372,2.950528088325885
436,10.01,1.6479987864073202,35.388,2.953549728716278
437,9.992,1.6437566729902577,35.406,2.9463815095808616
438,9.977,1.6445275917417743,35.412,2.9472454936771046
439,9.965,1.6418815426211477,35.422,2.9461697167678578
440,9.954,1.6461725304475228,35.432,2.943701071780217
441,9.946,1.6441058360093488,35.44,2.941836161311503
442,9.931,1.644457053254964,35.441,2.942875974280941
443,9.917,1.6456339204087889,35.441,2.942875974280941
444,9.902,1.6445047886825992,35.451,2.942379819126008
445,9.891,1.6465476002836967,35.467,2.93818158050179
446,9.88,1.6442627527253666,35.474,2.9287068818849047
447,9.869,1.6394630218458728,35.476,2.9266745633910167
448,9.858,1.6461579511091882,35.479,2.9270392891110975
449,9.845,1.6428557453410204,35.501,2.927456062864138
450,9.836,1.6392388477583126,35.51,2.9212839642869364
451,9.815,1.637307240562992,35.543,2.9144726795768734
452,9.805,1.6343117817601387,35.547,2.9092595277836586
453,9.788,1.636171140192859,35.556,2.906692966241877
454,9.77,1.6331258371601378,35.558,2.905277267318904
455,9.758,1.639340111142285,35.563,2.905861490160878
456,9.75,1.6393596310755,35.566,2.907859006210583
457,9.739,1.640389892677957,35.57,2.9060454229072197
458,9.724,1.637627552284096,35.584,2.9032643696363585
459,9.712,1.634336562645528,35.593,2.89816338393818
460,9.701,1.6375588539041888,35.602,2.898205651778355
461,9.686,1.63505473914484,35.613,2.8988326961037267
462,9.672,1.6408583119818725,35.617,2.8969485670270365
463,9.661,1.6383159036034534,35.633,2.8903825006389723
464,9.646,1.6366685675481152,35.638,2.885646548002718
465,9.635,1.6370018326196218,35.64,2.885896741049478
466,9.617,1.640826316219971,35.644,2.8839667127066497
467,9.605,1.6422469363649306,35.653,2.882115715928144
468,9.59,1.6443539764904638,35.666,2.880354839251581
469,9.577,1.6437977369494094,35.669,2.880180376295901
470,9.567,1.6460592334421018,35.683,2.875154082827562
471,9.551,1.6429847838613723,35.691,2.875329372437182
472,9.534,1.6409887263476248,35.701,2.86942485526281
473,9.521,1.6418157631110746,35.717,2.866864314891795
474,9.505,1.6431600652401457,35.718,2.8657417887869796
475,9.494,1.6431567180278335,35.729,2.865581790841085
476,9.476,1.6375054198383587,35.748,2.8594572911655805
477,9.465,1.6366963676870552,35.752,2.8587577721800774
478,9.46,1.6378034070058594,35.758,2.8592719353010136
479,9.441,1.6280414613884993,35.765,2.8607298019910936
480,9.425,1.627997235869889,35.777,2.8616902348087923
481,9.411,1.6272919221823723,35.777,2.8616902348087923
482,9.399,1.627205887403312,35.78,2.8610487587596265
483,9.387,1.6208735299214432,35.787,2.860704633477563
484,9.372,1.6209922886923307,35.805,2.8595410470912985
485,9.364,1.6209577415836602,35.807,2.8575778204626383
486,9.352,1.6174350064222056,35.814,2.8589165780064305
487,9.337,1.6159922648329723,35.817,2.8575358265470623
488,9.325,1.607910134304775,35.828,2.8573442214755995
489,9.315,1.6098990651590552,35.843,2.8524289649349726
490,9.305,1.6087184340337495,35.845,2.850083332115045
491,9.291,1.61068898301317,35.849,2.8499471924932225
492,9.281,1.6031341179077938,35.861,2.8456421068012054
493,9.271,1.6004871133501826,35.869,2.8414501579299256
494,9.26,1.5938632312717422,35.869,2.8414501579299256
495,9.25,1.5935808733791956,35.879,2.841893558879361
496,9.234,1.589101632998972,35.904,2.841968331984014
497,9.214,1.5868849989838583,35.914,2.8422885145600545
498,9.201,1.5863792106555104,35.927,2.843531431160908
499,9.182,1.585836057100481,35.93,2.8402640722299046
500,9.173,1.5783127066586011,35.938,2.8362221351650154
501,9.155,1.5668359837583512,35.955,2.8353086251764554
502,9.138,1.5693807696030941,35.957,2.833575656304239
503,9.126,1.5672026033669035,35.973,2.830948780886013
504,9.111,1.5654644678177783,35.994,2.829127780783328
505,9.094,1.5662579608736231,36.016,2.8248440664928745
506,9.086,1.5660791806291277,36.024,2.82053611925109
507,9.073,1.5657812746357647,36.024,2.82053611925109
508,9.064,1.567132413039817,36.042,2.8203255131278726
509,9.053,1.5672239788875104,36.046,2.8216810592269286
510,9.035,1.5600560887352737,36.05,2.8166469427317296
511,9.017,1.550713061788028,36.059,2.8098966173153057
512,9.006,1.5420648494794247,36.066,2.8088510106447444
513,8.994,1.5407673412945904,36.072,2.810483232470886
514,8.984,1.53809752616666,36.083,2.808934139491348
515,8.973,1.5369681193830926,36.089,2.8087504339118485
516,8.966,1.5371545140290874,36.094,2.809477531499407
517,8.946,1.535930988032991,36.096,2.81118907226106
518,8.935,1.5377824943729854,36.101,2.811903092213528
519,8.921,1.5351739315139505,36.102,2.810266179563779
520,8.91,1.5335905581347322,36.103,2.8093399580684433
521,8.893,1.5308660947319983,36.11,2.8078283423314896
522,8.881,1.5299800652296096,36.117,2.7970182337625187
523,8.866,1.5297202358601392,36.131,2.7942510624494714
524,8.857,1.5318456188532836,36.134,2.7928558860062935
525,8.844,1.530249652834465,36.146,2.790104657535269
526,8.83,1.5320248039767503,36.154,2.787164150171281
527,8.817,1.5328114691637718,36.162,2.7824011213338746
528,8.803,1.5330332677407887,36.17,2.779766177217069
529,8.796,1.5298313632554406,36.172,2.777483753327821
530,8.784,1.5307984844518236,36.175,2.776396045235622
531,8.773,1.5256051258435126,36.18,2.775175670115317
532,8.76,1.521315220458929,36.191,2.7771422361845275
533,8.75,1.5197039185315013,36.193,2.7752028754669453
534,8.736,1.5160158310519056,36.195,2.7729001063868135
535,8.727,1.5160709086319148,36.2,2.7716421125390633
536,8.716,1.517677172523854,36.201,2.772471640973087
537,8.707,1.512332965983351,36.201,2.772471640973087
538,8.684,1.5033775307619839,36.219,2.7693029808960956
539,8.673,1.508002320953121,36.225,2.766654116437398
540,8.659,1.508217159430299,36.234,2.766088212620848
541,8.648,1.5106607825716534,36.241,2.7624118085470166
542,8.639,1.5095293968651293,36.255,2.757893217657276
543,8.628,1.513147712551554,36.27,2.7551950929108453
544,8.618,1.509329652527903,36.273,2.751812311913732
545,8.602,1.513801836436989,36.273,2.751812311913732
546,8.591,1.5131817471804234,36.275,2.7494317594732194
547,8.574,1.5088154294014888,36.281,2.746641403605502
548,8.564,1.5046275286595017,36.292,2.7464041945787945
549,8.554,1.4996946355841914,36.298,2.745759639881102
550,8.538,1.488810263263926,36.306,2.744879596630789
551,8.524,1.478994252862397,36.314,2.7457975162054464
552,8.509,1.476454875707348,36.316,2.747388578268462
553,8.493,1.4751105043351838,36.323,2.747484485852468
554,8.482,1.4702639218861353,36.323,2.747484485852468
555,8.473,1.4769126582164567,36.331,2.747988173191435
556,8.458,1.479944593557475,36.336,2.7482911053962247
557,8.449,1.4749233878408736,36.349,2.7450316938061023
558,8.439,1.469108232908658,36.351,2.746597713535784
559,8.424,1.460898353753607,36.359,2.7451992641700897
560,8.415,1.4562880896306196,36.373,2.7429675535813396
561,8.405,1.4529194747128968,36.375,2.7426948426684294
562,8.397,1.4496175357659,36.381,2.7418677940411356
563,8.383,1.4485547970304748,36.389,2.7385541805850764
564,8.371,1.4433845641408252,36.395,2.737695198520098
565,8.358,1.439387369681977,36.407,2.735936951027929
566,8.347,1.4361723434184352,36.415,2.732174042772532
567,8.337,1.4378563906037347,36.421,2.731255938208647
568,8.325,1.4357489334838456,36.437,2.725808320480367
569,8.312,1.4361949728362093,36.439,2.7236517765676287
570,8.3,1.438054240979804,36.441,2.722961439315658
571,8.291,1.4402496311403798,36.448,2.7205323008558455
572,8.283,1.4453065418796112,36.45,2.7202021983668785
573,8.271,1.4448387453276577,36.456,2.7169953993336096
574,8.264,1.4430190573932142,36.461,2.7152309294054526
575,8.258,1.4413313290149492,36.467,2.711993915922379
576,8.241,1.4404579133039608,36.475,2.7124481561865843
577,8.228,1.439449894925141,36.493,2.702582283668713
578,8.215,1.4341460873983514,36.512,2.695525180739368
579,8.206,1.4379026392631735,36.518,2.696233669398853
580,8.189,1.4315303000635369,36.53,2.693900517836544
581,8.177,1.4344584343925757,36.548,2.6880654753930378
582,8.162,1.4330931581722106,36.549,2.68879136416346
583,8.146,1.4285251135349353,36.576,2.685558414929752
584,8.135,1.4299562930383571,36.581,2.6854122588533778
585,8.124,1.4242977216860244,36.584,2.6838300989444175
586,8.114,1.4209166055754294,36.585,2.682680562422593
587,8.106,1.4243468678661109,36.593,2.6756963579599238
588,8.098,1.4235153669700933,36.596,2.673721002647808
589,8.093,1.4263067692470648,36.605,2.6745046270290875
590,8.081,1.4228278181143352,36.616,2.6688094724052522
591,8.067,1.4221501327215773,36.63,2.665164160047182
592,8.058,1.4221940795826706,36.635,2.664915570895258
593,8.046,1.4198182982339678,36.641,2.6634787402943547
594,8.038,1.419350555712013,36.648,2.660469131563078
595,8.031,1.4163470619872802,36.649,2.661164970459366
596,8.023,1.4150869231252192,36.649,2.661164970459366
597,8.018,1.4148059937673432,36.656,2.6581316746918313
598,7.999,1.410318758295443,36.691,2.6539628859499897
599,7.992,1.4071019863535121,36.702,2.6482439464671677
600,7.987,1.405286803467534,36.704,2.6477129753808284
601,7.98,1.4062716664997554,36.71,2.643841901475956
602,7.972,1.408267020135031,36.717,2.6406270088749757
603,7.954,1.411341206087316,36.723,2.638990526697661
604,7.943,1.412710515286129,36.73,2.63611456503696
605,7.936,1.4092210614378426,36.737,2.6351149880033704
606,7.929,1.4049765122591906,36.748,2.6348616661980566
607,7.917,1.405742152743525,36.764,2.632167167943556
608,7.908,1.4062489111106895,36.776,2.628273958323218
609,7.9,1.4078352176302453,36.781,2.62584062730395
610,7.888,1.4055091604112724,36.812,2.6143175017583458
611,7.87,1.3982489048806725,36.829,2.6080182131265874
612,7.861,1.3948759801502069,36.832,2.6076380116879716
613,7.85,1.396960987286331,36.84,2.602383522849774
614,7.842,1.3953623185395254,36.843,2.6019898155065864
615,7.836,1.395386684758028,36.851,2.5951491286629365
616,7.824,1.3939239577537936,36.852,2.593471804358012
617,7.811,1.3932978863114662,36.853,2.594106975434899
618,7.8,1.3899640283115242,36.86,2.5885130866966843
619,7.784,1.3897280309470628,36.871,2.585799489519634
620,7.773,1.3825595828028532,36.872,2.584495308566065
621,7.762,1.385408243082161,36.879,2.582703815771371
622,7.745,1.3877950136817756,36.884,2.580027906825816
623,7.732,1.3885877718027047,36.895,2.5772029411747925
624,7.725,1.3904585574550576,36.896,2.575885090604781
625,7.717,1.3910107835671153,36.902,2.575732128929559
626,7.705,1.393547631048182,36.93,2.565365471039166
627,7.696,1.3962750445381453,36.948,2.5587684537683355
628,7.684,1.3950426516777183,36.956,2.5577458826083563
629,7.676,1.3932063738010965,36.968,2.5512694879216506
630,7.668,1.3927584140833615,36.969,2.5499096062409747
631,7.659,1.391660518948497,36.977,2.5425323990069426
632,7.649,1.3870108146658409,36.984,2.5368768200289114
633,7.635,1.3819460915679742,37.002,2.5294260218476445
634,7.628,1.3811647258745061,37.003,2.527645346958311
635,7.617,1.3756129542861975,37.015,2.5228505702875075
636,7.605,1.3700273719893337,37.017,2.5216484687600684
637,7.594,1.3722842271191489,37.02,2.5190474390134057
638,7.586,1.370621756722109,37.022,2.518236684666475
639,7.577,1.3747985306945887,37.023,2.516440144330876
640,7.565,1.3783232567144763,37.029,2.513992641198458
641,7.557,1.371404754257473,37.034,2.5129353354195167
642,7.549,1.371713891451129,37.034,2.5129353354195167
643,7.536,1.3728452207004256,37.035,2.511130223624414
644,7.516,1.3703079945764016,37.051,2.5064714241339354
645,7.51,1.3696349878708562,37.053,2.5052327237204928
646,7.501,1.3711305554176816,37.061,2.501855111712107
647,7.496,1.3696656526320576,37.062,2.5004311628197247
648,7.475,1.3532830450426843,37.068,2.4978742962767364
649,7.465,1.3530613437682715,37.075,2.4934664625777505
650,7.457,1.3535697248387317,37.076,2.4920321025219554
651,7.445,1.3516563912474207,37.082,2.4894328671406263
652,7.434,1.3519038427343861,37.083,2.490002208834362
653,7.42,1.3504073459515837,37.096,2.4833010288726576
654,7.411,1.3528041247719496,37.1,2.485558287387363
655,7.402,1.349961480931956,37.106,2.480476567113666
656,7.388,1.3436725791650286,37.106,2.480476567113666
657,7.372,1.342242899031319,37.123,2.4734330393200463
658,7.365,1.3408113215512463,37.129,2.468270447094483
659,7.36,1.338805437694365,37.137,2.464595504337375
660,7.351,1.3378336966902875,37.139,2.4636718531492785
661,7.335,1.334456818334711,37.152,2.458637020790178
662,7.33,1.333079142436787,37.159,2.453511565083809
663,7.32,1.3325164164091938,37.166,2.4487637697417854
664,7.312,1.325388999501656,37.174,2.4469826317323955
665,7.301,1.3215139045806517,37.175,2.445480525377375
666,7.293,1.3180102427523088,37.184,2.440111472863484
667,7.283,1.3095461045721148,37.195,2.435769898820494
668,7.269,1.3033184568630953,37.196,2.4338414081447457
669,7.255,1.2953667434360048,37.203,2.431417487804182
670,7.243,1.2953574796171132,37.214,2.422024772788255
671,7.236,1.2908539808979171,37.215,2.422555468921197
672,7.227,1.2920801058757927,37.215,2.422555468921197
673,7.214,1.286935895839416,37.215,2.422555468921197
674,7.204,1.2831149597756235,37.224,2.4140886479166417
675,7.196,1.2796812103020034,37.228,2.414128414148676
676,7.192,1.2763761201150703,37.231,2.4157067288890843
677,7.172,1.2705967102113873,37.253,2.4039532025395167
678,7.166,1.270607728608637,37.255,2.4024934963491575
679,7.154,1.2673925990000101,37.255,2.4024934963491575
680,7.144,1.2669901341368053,37.26,2.4009164916756265
681,7.129,1.2697869900105292,37.283,2.389751242284435
682,7.121,1.271361081675855,37.288,2.3881072002738906
683,7.112,1.2725784848094832,37.294,2.3869570586837123
684,7.105,1.2735678230859948,37.299,2.3852880329218107
685,7.09,1.2703936397825675,37.306,2.3799924369627736
686,7.079,1.2644204205880258,37.307,2.380493856324776
687,7.066,1.2584291795726925,37.323,2.373746195362933
688,7.058,1.2516533066308737,37.334,2.3686375830844195
689,7.05,1.253594830876388,37.34,2.3631335129442004
690,7.04,1.2491597175701752,37.347,2.3580905410946373
691,7.032,1.2445786435577304,37.347,2.3580905410946373
692,7.017,1.2404479029769853,37.357,2.352350101494248
693,7.011,1.2397092401043077,37.363,2.3510063802550603
694,7.004,1.23934821579732,37.365,2.3498457396178156
695,6.993,1.2373160469338462,37.366,2.3482001618260737
696,6.984,1.2352101035856209,37.374,2.3456606745222124
697,6.973,1.2313695627227432,37.386,2.3364511550640215
698,6.958,1.2256573746361583,37.391,2.33454899284637
699,6.948,1.2220049099737693,37.406,2.3287687734079565
700,6.938,1.2190799809692554,37.412,2.3251356949649193
701,6.932,1.2154735702597568,37.417,2.323168310734287
702,6.918,1.2154324333339144,37.43,2.3162685509240935
703,6.908,1.2105932430011328,37.447,2.3041681796257842
704,6.9,1.205819223598629,37.451,2.299043061797669
705,6.894,1.203646127397916,37.469,2.287583659672362
706,6.885,1.2048962610947052,37.476,2.2841681199071138
707,6.87,1.198791057691039,37.492,2.2737493265529514
708,6.859,1.1937834812058676,37.492,2.2737493265529514
709,6.85,1.1922667486766543,37.498,2.2720026408435356
710,6.843,1.190945422762941,37.508,2.2675837360503364
711,6.834,1.181712316936741,37.508,2.2675837360503364
712,6.823,1.1788430769190612,37.509,2.2680209434659107
713,6.808,1.1769180090388625,37.537,2.2557994148416656
714,6.801,1.1761798331887858,37.537,2.2557994148416656
715,6.79,1.1738398527908311,37.547,2.251175470726349
716,6.78,1.1660188677718726,37.563,2.244555858070812
717,6.765,1.161798175243876,37.57,2.2407811138083074
718,6.754,1.1556314291330085,37.572,2.238931888200264
719,6.745,1.1567086928003956,37.574,2.2397598085509083
720,6.733,1.1557296396649175,37.59,2.227981148932818
721,6.725,1.1495107654998278,37.591,2.2261444247847
722,6.71,1.1471268456452408,37.604,2.217923353048973
723,6.704,1.1403438078053478,37.604,2.217923353048973
724,6.693,1.1396275707440566,37.616,2.2114574379806635
725,6.682,1.1326411611803624,37.621,2.2089271151398364
726,6.675,1.131094602586362,37.626,2.2063825597570337
727,6.664,1.1274324813486614,37.626,2.2063825597570337
728,6.651,1.123031166085786,37.626,2.2063825597570337
729,6.643,1.121405814145798,37.632,2.2042177750848486
730,6.634,1.1198410601509485,37.645,2.193393489549926
731,6.627,1.119763814382301,37.652,2.1869833104072836
732,6.612,1.111510683709338,37.658,2.1824380861779327
733,6.607,1.1111035055295255,37.659,2.1805318158651112
734,6.596,1.108505299942224,37.667,2.1767202392590557
735,6.581,1.1051873144404076,37.667,2.1767202392590557
736,6.566,1.1025624698854937,37.682,2.166304687711311
737,6.557,1.0994321261451294,37.704,2.1536907856050274
738,6.551,1.0979066444830363,37.716,2.148800595681228
739,6.544,1.099119647718118,37.723,2.1392220548601304
740,6.533,1.099504888574853,37.729,2.1367168740851
741,6.526,1.0978724880422135,37.735,2.1318477900638215
742,6.519,1.0989262941617148,37.752,2.1190790452458352
743,6.508,1.0945026267670626,37.759,2.1144547760593038
744,6.5,1.0927030703718188,37.76,2.1148049555455466
745,6.493,1.0935954462231452,37.771,2.10678878865443
746,6.491,1.0926660056943294,37.771,2.10678878865443
747,6.481,1.0861118726908383,37.772,2.104760318896192
748,6.472,1.081302917780212,37.78,2.095614468360056
749,6.461,1.0753971359456003,37.788,2.093574932979472
750,6.455,1.0714359523555292,37.793,2.088097459411318
751,6.445,1.0672277170313746,37.807,2.0808053729265503
752,6.434,1.064727195106803,37.807,2.0808053729265503
753,6.422,1.0639154101713162,37.824,2.0666455912903885
754,6.409,1.0628824017735923,37.824,2.0666455912903885
755,6.403,1.0604673498038495,37.825,2.066972423618661
756,6.397,1.0570671691051616,37.831,2.0640830894128266
757,6.384,1.0585575090659929,37.84,2.05679362114919
758,6.38,1.0581115253129039,37.841,2.0571142408723926
759,6.369,1.0520641615414907,37.852,2.050876885627219
760,6.359,1.0507706695563974,37.864,2.039976470452539
761,6.352,1.0479007586599027,37.871,2.0347872124622763
762,6.337,1.0437581137409184,37.872,2.035096066528556
763,6.326,1.0390976854944871,37.879,2.032328467546523
764,6.317,1.039476310456376,37.882,2.030782115343741
765,6.305,1.0372921478542099,37.888,2.027672557391849
766,6.299,1.0322785476798402,37.889,2.02550709700065
767,6.292,1.0260292393494446,37.89,2.0233388248140742
768,6.279,1.0242846284114588,37.897,2.0180166005263684
769,6.271,1.0186064009223583,37.91,2.0094526617962414
770,6.259,1.012876596629619,37.917,1.9985272077207257
771,6.253,1.0124183917728875,37.935,1.9836267289991834
772,6.249,1.0104449514941425,37.939,1.9792117117680967
773,6.242,1.0086803259705228,37.94,1.9794948850653795
774,6.236,1.0071266057452757,37.947,1.9713424360064893
775,6.23,1.0075217119248598,37.949,1.9719023809509433
776,6.226,1.0044520894497657,37.949,1.9719023809509433
777,6.212,1.0005278606815504,37.959,1.9619681444916481
778,6.201,0.9972958437695405,37.962,1.9597336553725866
779,6.193,0.9958669589859882,37.981,1.9418133277944096
780,6.183,0.9937358804028362,37.981,1.9418133277944096
781,6.172,0.9901595830975934,38.002,1.9240571717077433
782,6.166,0.9871393012133598,38.002,1.9240571717077433
783,6.158,0.9823624585660835,38.003,1.9243157225361955
784,6.148,0.9778016158710312,38.01,1.9156983061014596
785,6.133,0.9743259208293702,38.015,1.9117465836245138
786,6.124,0.9739733055890187,38.037,1.89357624615435
787,6.118,0.9726643819941182,38.037,1.89357624615435
788,6.11,0.969484399049309,38.043,1.8871012161513754
789,6.101,0.966850040078605,38.048,1.883001858735142
790,6.098,0.9666416088706299,38.048,1.883001858735142
791,6.085,0.9663203402598954,38.053,1.8788802516392575
792,6.083,0.9664941800135166,38.053,1.8788802516392575
793,6.073,0.9631567888978407,38.065,1.8710358093847375
794,6.066,0.9600229163931452,38.066,1.871268019285319
795,6.053,0.9592658651281196,38.073,1.8648514686162008
796,6.045,0.9575881160499017,38.085,1.8541237822756065
797,6.033,0.9507423415415978,38.093,1.850500202647922
798,6.023,0.9425873964784379,38.103,1.8418444559734135
799,6.017,0.9405907718024881,38.105,1.8395583709140626
800,6.007,0.9375238663628784,38.115,1.8280522421418925
801,6.003,0.9354095359787605,38.116,1.8282625632003737
802,5.989,0.9310633705607798,38.137,1.8105885783357851
803,5.983,0.9266666067146265,38.148,1.8016925375879203
804,5.979,0.9233412153694863,38.148,1.8016925375879203
805,5.972,0.9171782814698568,38.154,1.7972990847379853
806,5.962,0.9124450668396425,38.154,1.7972990847379853
807,5.953,0.9048707089965947,38.159,1.7926848579714172
808,5.945,0.902205630662988,38.17,1.7835638480301175
809,5.938,0.8978619047492773,38.176,1.7762387226946719
810,5.926,0.8947200679542177,38.184,1.76922129763351
811,5.913,0.8896240779115638,38.189,1.7644486390938103
812,5.909,0.8835830464647905,38.19,1.7617888636269667
813,5.901,0.881588906463778,38.19,1.7617888636269667
814,5.891,0.8792718578460248,38.202,1.7467672999000181
815,5.883,0.8759628987577042,38.218,1.7321882114828056
816,5.877,0.871705798994133,38.226,1.7276932598120536
817,5.87,0.8678133439859057,38.227,1.7278515561239627
818,5.864,0.8668933037000576,38.229,1.7281663693059184
819,5.856,0.8644443301913664,38.234,1.7202453313408526
820,5.845,0.8607990473972423,38.249,1.7049923753495206
821,5.834,0.8569970828421763,38.255,1.6999926470429219
822,5.826,0.8530674064808712,38.261,1.6949569316062283
823,5.819,0.8486689578392744,38.263,1.6922857323750031
824,5.814,0.845815582736568,38.268,1.6870613503960072
825,5.809,0.842922890898094,38.28,1.6767826334978546
826,5.802,0.8407116033456419,38.281,1.6769135338472285
827,5.796,0.8416555114772314,38.287,1.671714987669848
828,5.786,0.8403594469035259,38.292,1.6663541040247118
829,5.78,0.8376156636548769,38.298,1.6610827793942118
830,5.771,0.8322012977639484,38.304,1.652750434881201
831,5.762,0.8278623073917546,38.315,1.6388334265568296
832,5.755,0.8239993932036601,38.326,1.6247227455784572
833,5.748,0.8176160468092587,38.337,1.6135151068397222
834,5.739,0.8117136194496184,38.349,1.5959946741765774
835,5.736,0.8113593531845185,38.352,1.5962756654162211
836,5.726,0.8005772917089267,38.365,1.5817000347727128
837,5.719,0.7975205326510408,38.375,1.56983279364396
838,5.706,0.7972226790552311,38.387,1.5547446735718375
839,5.702,0.7957361371711101,38.4,1.5394804318340654
840,5.699,0.7939766999100163,38.405,1.5332889486329706
841,5.686,0.7933498597718411,38.41,1.5270559911149293
842,5.68,0.7909487973314075,38.411,1.5271145994980206
843,5.67,0.7830070242341379,38.428,1.5082493162604118
844,5.662,0.7821483235294953,38.428,1.5082493162604118
845,5.652,0.777750602699863,38.43,1.505024916737261
846,5.645,0.7752257735653529,38.44,1.4887578715157141
847,5.633,0.7709156892942314,38.445,1.482219619354703
848,5.625,0.7683586402195266,38.451,1.4756690008264046
849,5.623,0.7673793064710568,38.451,1.4756690008264046
850,5.616,0.761934380376683,38.452,1.4757018669094377
851,5.604,0.7531161928945626,38.457,1.469064668420012
852,5.599,0.7524619591713592,38.459,1.4691218465464329
853,5.591,0.7454656263034534,38.472,1.45575272625539
854,5.579,0.7374001627339122,38.483,1.4421203139821586
855,5.568,0.734422221886021,38.489,1.4352278564743648
856,5.555,0.7245515854651068,38.496,1.4282800845772512
857,5.548,0.7195109450175167,38.502,1.4212656331594034
858,5.542,0.7198861021022701,38.519,1.3927092302415462
859,5.534,0.7119297718174175,38.521,1.3926805089466858
860,5.519,0.6997420953465641,38.531,1.3780562397812361
861,5.508,0.6913291546000356,38.537,1.3706316062312294
862,5.498,0.6899246335651452,38.538,1.3706042463089045
863,5.486,0.6810315704870076,38.554,1.3442782450073347
864,5.48,0.6720119046564577,38.566,1.3287753760511973
865,5.469,0.6656117486943872,38.566,1.3287753760511973
866,5.459,0.6605444723862276,38.572,1.3209148344991812
867,5.456,0.6603514215930787,38.585,1.3010668699186834
868,5.45,0.658407168855261,38.59,1.293019721427326
869,5.438,0.6512726003756031,38.601,1.2727132434291708
870,5.433,0.6507772276286257,38.614,1.2518003035628327
871,5.422,0.6418068245196525,38.621,1.2390960414753975
872,5.416,0.6410491400821002,38.623,1.2388991080794272
873,5.41,0.6339558344238185,38.635,1.2213824134970999
874,5.396,0.6206319360136087,38.643,1.2081187855504936
875,5.389,0.6112928921556344,38.648,1.199206404252412
876,5.382,0.6017275130821259,38.654,1.190077308413197
877,5.374,0.5950831874620556,38.655,1.1899474778325303
878,5.366,0.586552640433917,38.662,1.1805744364503237
879,5.359,0.581480008254798,38.668,1.171228414955853
880,5.35,0.5774945887192364,38.684,1.1384832014570967
881,5.335,0.5610481262779513,38.702,1.1086911201953409
882,5.329,0.5574576217076953,38.707,1.09870423681717
883,5.322,0.5534582188386039,38.72,1.0777754868245986
884,5.314,0.5471782159406567,38.721,1.0775708793392664
885,5.308,0.5414203542535134,38.731,1.0567114080958908
886,5.303,0.5359020432877635,38.743,1.0348676243848776
887,5.293,0.52454837717793,38.749,1.023718222950046
888,5.286,0.5198115042974714,38.759,1.001458436481515
889,5.28,0.5114684741017769,38.765,0.9898358449763274
890,5.273,0.5064296594789843,38.77,0.9783148777362021
891,5.261,0.4968691980793335,38.776,0.9663456938383902
892,5.259,0.49590220810155705,38.781,0.9544836300324905
893,5.253,0.4929411729608311,38.787,0.9421417090862712
894,5.249,0.4909164898432319,38.793,0.9295972246085936
895,5.241,0.4846844334203441,38.8,0.9165151389911681
896,5.233,0.4740369183934939,38.8,0.9165151389911681
897,5.227,0.4706070547707503,38.807,0.9031893489185975
898,5.217,0.45597258689530884,38.812,0.8903123047560334
899,5.21,0.4471017781221632,38.817,0.8772177608781071
900,5.207,0.44514155052073046,38.825,0.8569568250501307
901,5.198,0.43680201464736856,38.84,0.8272847151978573
902,5.187,0.4195604843166239,38.845,0.8130036900285263
903,5.182,0.4157835975600769,38.846,0.8125786115816733
904,5.172,0.4030086847699439,38.857,0.7826563741515173
905,5.161,0.3912531150035741,38.857,0.7826563741515173
906,5.151,0.3797354342170349,38.863,0.766962189420052
907,5.143,0.3695280774176707,38.864,0.7664880951456456
908,5.14,0.36660605559646725,38.87,0.7503998933901842
909,5.134,0.3578323629857982,38.872,0.7494104349420281
910,5.121,0.3351999403341236,38.889,0.6918663165670086
911,5.11,0.3192177939902474,38.894,0.674361920633127
912,5.103,0.3072311833131527,38.894,0.674361920633127
913,5.095,0.293214938227915,38.901,0.6551328109627849
914,5.089,0.28474374444401757,38.906,0.6365249405954175
915,5.076,0.26499811320083017,38.912,0.6166490087561967
916,5.069,0.25345413786324344,38.923,0.5753876953845988
917,5.064,0.24475293665245368,38.928,0.5539097399396403
918,5.054,0.22601769842204836,38.949,0.4565073931493332
919,5.048,0.2137662274541982,38.951,0.45453162706240796
920,5.04,0.19595917942265426,38.957,0.4256183736635438
921,5.033,0.17863650242881493,38.968,0.3619060651605608
922,5.026,0.15913516267626082,38.969,0.36060920675989405
923,5.018,0.132951118836962,38.979,0.3171103908735883
924,5.009,0.09444045743218316,38.994,0.16113348503647532
925,5.0,0.0,39.0,0.0
