,Core genome (mean),Core genome (std),Pan genome (mean),Pan genome (std)
0,13.32,0.4955804677345547,13.32,0.4955804677345547
1,12.641,0.6388419209788913,14.012,0.6883719924575664
2,12.375,0.5624722215363173,14.4,0.6884765791223402
3,12.25,0.5210566188045211,14.652,0.6862186240550456
4,12.165,0.4937357592883059,14.848,0.6533727879243212
5,12.1,0.4837354648979129,15.007,0.6549435090143271
6,12.031,0.4382225462022693,15.144,0.6302888226836963
7,11.99,0.42414620120896995,15.24,0.6019966777316964
8,11.954,0.41458895306073945,15.345,0.5779057016503645
9,11.929,0.40738065737096546,15.417,0.5719361852514667
10,11.913,0.41404226837365293,15.471,0.5542192706862511
11,11.893,0.4165945270883908,15.512,0.5402369850352714
12,11.883,0.4258062939882406,15.535,0.5336431391857296
13,11.872,0.4261642875699464,15.576,0.527469430393838
14,11.855,0.44269063690121113,15.611,0.5173770385318622
15,11.838,0.45580258884740876,15.643,0.5055205238167882
16,11.826,0.46013476286844485,15.676,0.4949989898979592
17,11.813,0.4690746209293357,15.7,0.4898979485566356
18,11.798,0.4849701021712576,15.719,0.4837757745071575
19,11.786,0.4961894799368483,15.74,0.47581509013481266
20,11.772,0.5099176404087233,15.765,0.4666636904667
21,11.762,0.5228345818707864,15.786,0.456293765024244
22,11.751,0.5319765032405097,15.802,0.44810266680750743
23,11.746,0.534307027840735,15.816,0.4383423319735387
24,11.739,0.5411829635160368,15.828,0.4317591921430278
25,11.725,0.5526074556138381,15.843,0.4246775247172848
26,11.717,0.5611693149130662,15.854,0.41795215037130745
27,11.709,0.567731450599665,15.867,0.40903667317246756
28,11.702,0.5737560457197814,15.876,0.4007792409793701
29,11.69,0.5847221562417487,15.89,0.3923009049186606
30,11.68,0.5912698199637794,15.903,0.3841757410352715
31,11.666,0.6086411093575589,15.912,0.37716839740360003
32,11.66,0.6151422599691879,15.919,0.3693765016889949
33,11.644,0.6318734050424974,15.93,0.36207733980463347
34,11.637,0.6350047243918742,15.938,0.35798882664127946
35,11.619,0.6464046720128189,15.94,0.35552777669262353
36,11.605,0.6549618309489492,15.943,0.35461387451705834
37,11.591,0.6706109155091349,15.953,0.3504154676951347
38,11.588,0.6724998141263684,15.96,0.3469870314579494
39,11.574,0.6874038114529187,15.972,0.3334906295535153
40,11.559,0.6931947778222222,15.977,0.32934935858446723
41,11.553,0.6951194142016176,15.983,0.32048556909789244
42,11.544,0.7043181099474867,15.99,0.30967725134404045
43,11.535,0.7062400441776152,15.995,0.30491802176978644
44,11.525,0.710897320293163,15.999,0.30166040509155323
45,11.508,0.719677705643297,16.005,0.29491524206117253
46,11.502,0.7197193897624268,16.006,0.2931961800569714
47,11.497,0.7224894462897019,16.008,0.28971710339570916
48,11.488,0.7279120826033869,16.012,0.293011945148999
49,11.476,0.7358151941894107,16.013,0.291257617926124
50,11.467,0.7395343129294273,16.016,0.28938555596297477
51,11.459,0.7418348872896178,16.019,0.28746999843461923
52,11.454,0.7428889553627783,16.023,0.28717764536955165
53,11.446,0.747719198630074,16.026,0.28517363131958745
54,11.439,0.7511850637492734,16.03,0.2847806173179629
55,11.429,0.7556182898792221,16.034,0.2843307932672788
56,11.421,0.7601045980652926,16.036,0.2805423319215836
57,11.412,0.7656735596845434,16.039,0.2747344172105126
58,11.403,0.7684991867269606,16.042,0.2724628415032039
59,11.398,0.7704518154952975,16.042,0.2724628415032039
60,11.388,0.7781105319940093,16.044,0.2721470190907848
61,11.379,0.7895308733672166,16.046,0.27547050658827343
62,11.376,0.7890652697971188,16.046,0.27547050658827343
63,11.368,0.7915655374004101,16.047,0.27347943249904555
64,11.361,0.7928928048607832,16.049,0.2694420160257119
65,11.349,0.7969937264495875,16.05,0.26739483914241874
66,11.341,0.7979467400773061,16.051,0.2653280987758364
67,11.33,0.8019351594736324,16.052,0.2670131082924582
68,11.323,0.806641804024562,16.054,0.27034052600377917
69,11.313,0.8093398544492912,16.054,0.27034052600377917
70,11.302,0.8104295157507528,16.054,0.27034052600377917
71,11.293,0.8094139855475688,16.056,0.2662029301115974
72,11.281,0.8111960305622803,16.059,0.2674303647681019
73,11.272,0.8124136877231942,16.06,0.26907248094147423
74,11.263,0.8122998214945022,16.061,0.2707009420005774
75,11.255,0.8148466113324642,16.063,0.27391787090294056
76,11.249,0.8167000673441872,16.064,0.27550680572356107
77,11.244,0.8224743157083995,16.065,0.2770830200499482
78,11.236,0.8260169489786515,16.068,0.28173746644704534
79,11.231,0.8256143167363319,16.071,0.27921138945250784
80,11.223,0.8266020808103498,16.072,0.28074187432586534
81,11.204,0.8332970658774695,16.075,0.2817356917396161
82,11.197,0.836774163081055,16.077,0.28472969637886386
83,11.192,0.8349467048860064,16.079,0.2876786401525146
84,11.189,0.8338339163166727,16.079,0.2876786401525146
85,11.179,0.8360376785767493,16.082,0.2885758132623038
86,11.169,0.8381163403728624,16.082,0.2885758132623038
87,11.161,0.839689823684913,16.084,0.29145153971114995
88,11.15,0.8435045939412543,16.084,0.29145153971114995
89,11.141,0.8409036805722757,16.085,0.2928736929121494
90,11.13,0.8444524853418337,16.086,0.29086766750534515
91,11.124,0.8453543635659544,16.087,0.2922858190196712
92,11.116,0.8523755041060248,16.087,0.2922858190196712
93,11.109,0.8538846526317241,16.089,0.29509151122999117
94,11.1,0.8532291603080616,16.09,0.29647934160747186
95,11.088,0.8533791654358572,16.091,0.2978573484069178
96,11.08,0.8588364221433555,16.091,0.2978573484069178
97,11.07,0.858545281275251,16.092,0.29922566734824074
98,11.064,0.8590133875557471,16.093,0.30058443073452756
99,11.056,0.8642129367233516,16.093,0.30058443073452756
100,11.047,0.8664819674984588,16.096,0.3013038333642637
101,11.038,0.8709512041440667,16.097,0.3026400502246852
102,11.036,0.8710361645764199,16.097,0.3026400502246852
103,11.028,0.8759086710382538,16.097,0.3026400502246852
104,11.017,0.876761655183437,16.097,0.3026400502246852
105,11.009,0.8791581200216488,16.098,0.3039671034832553
106,11.001,0.879203616917037,16.098,0.3039671034832553
107,10.988,0.8796908547893402,16.1,0.3065941943351178
108,10.977,0.8879588954450538,16.101,0.3078944624380244
109,10.966,0.8870422763318556,16.105,0.3130095845177907
110,10.962,0.8913787073965811,16.105,0.3130095845177907
111,10.952,0.8931382871649833,16.107,0.3123315546018365
112,10.944,0.892672392314224,16.107,0.3123315546018365
113,10.938,0.896747456087833,16.107,0.3123315546018365
114,10.931,0.8990211343455725,16.107,0.3123315546018365
115,10.921,0.9048530267397019,16.108,0.3135857139603142
116,10.916,0.9038495450018217,16.109,0.314831701072176
117,10.912,0.9056798551364605,16.109,0.314831701072176
118,10.906,0.9039712384805172,16.109,0.314831701072176
119,10.898,0.906419329008379,16.112,0.3185215848258953
120,10.886,0.9060927104882812,16.112,0.3185215848258953
121,10.884,0.9058388377630978,16.112,0.3185215848258953
122,10.882,0.9099868130912667,16.114,0.3209423624266514
123,10.877,0.9142598099008837,16.117,0.3214202856074893
124,10.859,0.919303540730699,16.118,0.3226081214104815
125,10.851,0.9223876625367449,16.118,0.3226081214104815
126,10.847,0.9249816214390425,16.118,0.3226081214104815
127,10.84,0.9254188241007419,16.118,0.3226081214104815
128,10.832,0.9336894558684917,16.118,0.3226081214104815
129,10.822,0.9382515654130293,16.119,0.3237885112229895
130,10.814,0.9356302688562401,16.119,0.3237885112229895
131,10.811,0.9334232694763935,16.12,0.3249615361854384
132,10.808,0.93334666657143,16.122,0.3272858078194042
133,10.803,0.9317676749061432,16.122,0.3272858078194042
134,10.796,0.9318712357402175,16.123,0.32843720861071757
135,10.79,0.9316115070135189,16.124,0.3295815528818323
136,10.788,0.9311584183155946,16.124,0.3295815528818323
137,10.776,0.9347855369013793,16.124,0.3295815528818323
138,10.765,0.9347593273137209,16.124,0.3295815528818323
139,10.754,0.9399382958471263,16.124,0.3295815528818323
140,10.748,0.9404764749848875,16.124,0.3295815528818323
141,10.743,0.9439020076257916,16.125,0.33071891388307384
142,10.736,0.942498806365292,16.126,0.331849363416596
143,10.732,0.9424308993236586,16.129,0.3351999403341236
144,10.728,0.9434065931505883,16.13,0.3363034344160047
145,10.719,0.9412964463972017,16.132,0.33849076796864047
146,10.712,0.9439576261676156,16.134,0.3406523154185217
147,10.706,0.9431670053601324,16.135,0.3417235724968355
148,10.7,0.9444575162494075,16.137,0.34384734985164567
149,10.692,0.9471726347398345,16.137,0.34384734985164567
150,10.686,0.9473140978577276,16.138,0.3448999855030441
151,10.68,0.94424573072903,16.139,0.3459465276599839
152,10.675,0.9472987913008231,16.14,0.3469870314579494
153,10.668,0.9506713417369854,16.143,0.3500728495613448
154,10.664,0.9503178415667045,16.143,0.3500728495613448
155,10.656,0.9548109760575649,16.143,0.3500728495613448
156,10.651,0.9587486636235797,16.144,0.35108973211986705
157,10.649,0.9580182670492249,16.144,0.35108973211986705
158,10.643,0.9557986189569433,16.145,0.352100837829165
159,10.635,0.9548691009766731,16.145,0.352100837829165
160,10.633,0.9551497264827121,16.146,0.3531062163145815
161,10.629,0.9546512452199494,16.147,0.3541059163583687
162,10.618,0.9550267011974063,16.147,0.3541059163583687
163,10.609,0.9602702744540207,16.148,0.355099985919459
164,10.598,0.9656065451310901,16.148,0.355099985919459
165,10.591,0.9673256948928836,16.149,0.35608847215263795
166,10.586,0.9688157719607996,16.151,0.35804887934470614
167,10.581,0.9713078811581835,16.152,0.35902089075707005
168,10.574,0.9677417010752404,16.153,0.35998749978297856
169,10.568,0.9671483857195854,16.153,0.35998749978297856
170,10.561,0.9686480268910891,16.154,0.3609487498246808
171,10.557,0.967858977330892,16.155,0.36190468358395145
172,10.553,0.9649823832588861,16.155,0.36190468358395145
173,10.549,0.9651937629305319,16.155,0.36190468358395145
174,10.543,0.9654796735302096,16.155,0.36190468358395145
175,10.535,0.9658027748976497,16.157,0.3638007696528417
176,10.528,0.9660310554014296,16.158,0.36474100400146947
177,10.525,0.9661133473873549,16.159,0.36567608617463626
178,10.52,0.9682974749528163,16.161,0.36753095107759287
179,10.511,0.9715343534842193,16.161,0.36753095107759287
180,10.51,0.9715451610707554,16.163,0.3693656724710622
181,10.502,0.9726232569705497,16.164,0.37027557305336795
182,10.49,0.9746281342132496,16.166,0.3720806364217305
183,10.484,0.9755736773816727,16.166,0.3720806364217305
184,10.479,0.9754788567672802,16.167,0.3729758705332022
185,10.475,0.9743587634952539,16.167,0.3729758705332022
186,10.465,0.978148761692208,16.169,0.3747519179403889
187,10.459,0.9819974541718527,16.17,0.375632799419859
188,10.454,0.9817759418523149,16.17,0.375632799419859
189,10.446,0.9823868891633277,16.172,0.3773804446443933
190,10.44,0.9830564581955608,16.172,0.3773804446443933
191,10.435,0.9837555590694266,16.172,0.3773804446443933
192,10.432,0.9855840907806903,16.172,0.3773804446443933
193,10.426,0.9912234864045544,16.173,0.3782472736187268
194,10.416,0.9934505523678568,16.175,0.3799671038392666
195,10.402,0.9961907447873625,16.175,0.3799671038392666
196,10.395,0.9984863544385572,16.176,0.380820167533181
197,10.391,0.9950472350597234,16.178,0.38251274488570963
198,10.386,0.9954918382387672,16.182,0.3858445282753145
199,10.379,0.9946652703296721,16.182,0.3858445282753145
200,10.372,0.9988072887199011,16.182,0.3858445282753145
201,10.366,1.0000219997580053,16.183,0.38666652298847903
202,10.361,1.0033339424139902,16.186,0.38910666917954523
203,10.352,1.0010474514227585,16.189,0.39150862059474506
204,10.347,1.0042863137571876,16.189,0.39150862059474506
205,10.338,1.003870509577804,16.19,0.39230090491866065
206,10.332,1.0038804709725155,16.19,0.39230090491866065
207,10.325,1.0016860785695287,16.191,0.39308904843559306
208,10.313,1.00151435336694,16.191,0.39308904843559306
209,10.305,1.0029830507042479,16.192,0.3938730760029175
210,10.299,1.0047880373491715,16.192,0.3938730760029175
211,10.292,1.0063478523850489,16.192,0.3938730760029175
212,10.284,1.0086347207983672,16.195,0.39620070671315066
213,10.278,1.0112942202939756,16.195,0.39620070671315066
214,10.272,1.0079761901949864,16.196,0.39696851260521915
215,10.261,1.0074120308989762,16.196,0.39696851260521915
216,10.258,1.0066955845736087,16.2,0.4
217,10.252,1.0042390153743281,16.2,0.4
218,10.247,1.0069712011770744,16.2,0.4
219,10.243,1.005957752592026,16.201,0.4007480505255141
220,10.239,1.004927360558961,16.203,0.4022325198190718
221,10.232,1.0080555540246778,16.206,0.40443046373882374
222,10.23,1.0065286881157438,16.208,0.4058768286069063
223,10.224,1.009863357093424,16.208,0.4058768286069063
224,10.223,1.0095895205478314,16.208,0.4058768286069063
225,10.22,1.0146920715172658,16.21,0.4073082370883259
226,10.215,1.012311710887511,16.21,0.4073082370883259
227,10.211,1.0141395367502442,16.211,0.40801838193885337
228,10.207,1.012003458492114,16.214,0.410126809657696
229,10.202,1.0135067834010782,16.215,0.4108223460329294
230,10.196,1.0146841873213557,16.217,0.4122026200790092
231,10.188,1.0201254824775234,16.218,0.4128873938497033
232,10.177,1.0196425844382921,16.218,0.4128873938497033
233,10.17,1.0252316811335866,16.218,0.4128873938497033
234,10.166,1.024911703514015,16.219,0.41356861583055354
235,10.162,1.0265261808643753,16.221,0.41492047430802925
236,10.158,1.02520046820122,16.221,0.41492047430802925
237,10.152,1.0270813015530953,16.221,0.41492047430802925
238,10.147,1.028295191080849,16.222,0.41559114523772034
239,10.136,1.0322325319422943,16.224,0.4169220550654522
240,10.13,1.0339729203417274,16.225,0.4175823272122516
241,10.123,1.040130280301463,16.226,0.4182391660282428
242,10.118,1.036376379506982,16.227,0.4188925876641887
243,10.113,1.0383790252118925,16.227,0.4188925876641887
244,10.104,1.037874751595779,16.229,0.4201892430798294
245,10.101,1.0386524924150522,16.229,0.4201892430798294
246,10.093,1.0374733731522943,16.229,0.4201892430798294
247,10.09,1.0372559954032563,16.231,0.4214724190264411
248,10.086,1.0366310819187314,16.233,0.42274223824926693
249,10.085,1.0352656663871358,16.233,0.42274223824926693
250,10.079,1.032840258704123,16.233,0.42274223824926693
251,10.075,1.0282874111842466,16.233,0.42274223824926693
252,10.069,1.0277348879939807,16.233,0.42274223824926693
253,10.061,1.0282407305684793,16.233,0.42274223824926693
254,10.054,1.0320290693580292,16.234,0.423372176695635
255,10.049,1.030824427339593,16.234,0.423372176695635
256,10.043,1.0330300092446494,16.234,0.423372176695635
257,10.038,1.0337098238867615,16.234,0.423372176695635
258,10.027,1.0403225461365335,16.235,0.42399882075307704
259,10.021,1.0366093767663884,16.235,0.42399882075307704
260,10.017,1.0366826901226815,16.235,0.42399882075307704
261,10.013,1.0338428313820238,16.235,0.42399882075307704
262,10.007,1.0319646311768635,16.236,0.4246221850068599
263,10.001,1.0310184285452904,16.24,0.4270831300812525
264,9.997,1.0319840115040542,16.243,0.4288950920679788
265,9.993,1.0329332020997293,16.243,0.4288950920679788
266,9.991,1.0319491266530538,16.244,0.4294927240361588
267,9.985,1.0270223950820156,16.244,0.4294927240361588
268,9.979,1.029834452715581,16.246,0.4306785344082057
269,9.975,1.030715770714701,16.246,0.4306785344082057
270,9.974,1.0311760276499837,16.247,0.4312667388055796
271,9.968,1.0300368925431749,16.247,0.4312667388055796
272,9.96,1.0316976301223142,16.248,0.431851826440505
273,9.949,1.0316971454840804,16.248,0.431851826440505
274,9.947,1.032565252175377,16.248,0.431851826440505
275,9.944,1.0338587911315549,16.25,0.4330127018922193
276,9.94,1.037496987947435,16.25,0.4330127018922193
277,9.933,1.0375504806996139,16.251,0.4335885146080325
278,9.928,1.0396230085949425,16.253,0.4347309512790641
279,9.922,1.0391900692366147,16.256,0.43642181430354743
280,9.914,1.0424029930885654,16.258,0.4375339986789598
281,9.906,1.0417120523446006,16.259,0.43808560807221236
282,9.898,1.0361447775287003,16.26,0.4386342439892262
283,9.892,1.0384295835539354,16.26,0.4386342439892262
284,9.887,1.037415538730744,16.26,0.4386342439892262
285,9.885,1.0381594289895941,16.26,0.4386342439892262
286,9.881,1.0367444236647718,16.26,0.4386342439892262
287,9.876,1.0366407285072297,16.262,0.43972263985380605
288,9.869,1.04011489749931,16.265,0.44133320745214716
289,9.864,1.0399538451296766,16.265,0.44133320745214716
290,9.856,1.0446358217101306,16.266,0.44186423254207846
291,9.847,1.039995673067922,16.266,0.44186423254207846
292,9.842,1.0397288107963538,16.267,0.44239235978936164
293,9.839,1.0407108147799753,16.267,0.44239235978936164
294,9.836,1.0407228257321928,16.268,0.4429175995600084
295,9.83,1.037834283496166,16.269,0.4434399621143768
296,9.825,1.0384483617397642,16.269,0.4434399621143768
297,9.818,1.037726360848562,16.269,0.4434399621143768
298,9.811,1.0379205171880939,16.27,0.4439594576084622
299,9.802,1.0396133896790671,16.27,0.4439594576084622
300,9.798,1.0388435878417885,16.27,0.4439594576084622
301,9.794,1.0390206927679544,16.27,0.4439594576084622
302,9.789,1.0365707887066853,16.271,0.4444760960951668
303,9.786,1.0354728388518937,16.271,0.4444760960951668
304,9.78,1.0322790320451152,16.273,0.44550084175004645
305,9.773,1.0370491791617213,16.273,0.44550084175004645
306,9.77,1.0387973815908473,16.275,0.4465142774872937
307,9.768,1.0393151591312426,16.277,0.4475164801434692
308,9.764,1.0374507217212778,16.278,0.4480133926569606
309,9.76,1.0394229168149027,16.28,0.448998886412873
310,9.753,1.0372998602140078,16.281,0.4494874859214658
311,9.75,1.0370631610466163,16.281,0.4494874859214658
312,9.742,1.0360675653643443,16.282,0.4499733325431631
313,9.734,1.0379036564151798,16.282,0.4499733325431631
314,9.731,1.036647963389694,16.283,0.4504564351854683
315,9.727,1.0375312043500184,16.285,0.45141444372106654
316,9.724,1.038183028179521,16.285,0.45141444372106654
317,9.713,1.0433748128069797,16.286,0.45188936699152366
318,9.707,1.0417058125977794,16.286,0.45188936699152366
319,9.698,1.0482347065423852,16.287,0.45236158103888535
320,9.694,1.0508872441894042,16.289,0.4532979152830951
321,9.689,1.0508468013939996,16.289,0.4532979152830951
322,9.684,1.0488774952300197,16.29,0.45376205218153703
323,9.676,1.048343455171062,16.291,0.45422351326191823
324,9.671,1.0520261403596394,16.293,0.45513844047718055
325,9.662,1.0505979249931916,16.293,0.45513844047718055
326,9.659,1.0520071292534097,16.294,0.45559192266764353
327,9.656,1.0543547789999341,16.294,0.45559192266764353
328,9.652,1.0568330047836318,16.295,0.4560427611529428
329,9.649,1.0563138738083486,16.295,0.4560427611529428
330,9.645,1.0559237661876921,16.295,0.4560427611529428
331,9.64,1.0547037498748169,16.296,0.4564909637659874
332,9.633,1.0527635062064034,16.298,0.4573794923255741
333,9.631,1.0520641615414907,16.3,0.45825756949558394
334,9.625,1.0527939019580235,16.303,0.4595552197505757
335,9.618,1.054550141055417,16.305,0.4604074282632721
336,9.614,1.0549900473464193,16.306,0.4608296865437382
337,9.607,1.0509762128611666,16.306,0.4608296865437382
338,9.599,1.0565031945053456,16.309,0.46208116170214086
339,9.595,1.0587610684191215,16.311,0.46290279757201735
340,9.591,1.0609990574925126,16.312,0.46330983153824823
341,9.588,1.065953094652856,16.313,0.4637143517295965
342,9.585,1.0652581846669849,16.313,0.4637143517295965
343,9.582,1.0664314323949757,16.313,0.4637143517295965
344,9.573,1.0708272503069765,16.313,0.4637143517295965
345,9.563,1.070528374215275,16.314,0.4641163647190218
346,9.56,1.0734989520255716,16.316,0.4649128950674524
347,9.556,1.0737150459968419,16.316,0.4649128950674524
348,9.551,1.073032618329937,16.316,0.4649128950674524
349,9.549,1.072193545960803,16.316,0.4649128950674524
350,9.547,1.0713500828394051,16.317,0.46530742525775365
351,9.541,1.0743923864212739,16.317,0.46530742525775365
352,9.535,1.06900654815581,16.32,0.46647615158762407
353,9.526,1.0655158375172094,16.321,0.46686079295653005
354,9.523,1.0655848159578851,16.321,0.46686079295653005
355,9.518,1.0628621735672033,16.321,0.46686079295653005
356,9.517,1.062878638415506,16.321,0.46686079295653005
357,9.512,1.0610636173199042,16.324,0.46799999999999997
358,9.505,1.067696117816301,16.324,0.46799999999999997
359,9.5,1.0686440005914037,16.326,0.4687472666586974
360,9.496,1.066763328953522,16.327,0.46911725613112965
361,9.492,1.0667408307550619,16.328,0.46948482403587877
362,9.489,1.06858738528957,16.328,0.46948482403587877
363,9.486,1.069487727839829,16.328,0.46948482403587877
364,9.481,1.0712791419606749,16.33,0.4702127178203499
365,9.476,1.0721119344546075,16.331,0.47057305490221185
366,9.471,1.0719883394888212,16.331,0.47057305490221185
367,9.467,1.0718726603473008,16.332,0.47093099282166595
368,9.461,1.0698032529395298,16.335,0.4719904660054056
369,9.454,1.0676535018441142,16.336,0.4723388614120165
370,9.449,1.0683627661052215,16.337,0.472684884463212
371,9.443,1.0661852559475768,16.338,0.4730285403651666
372,9.434,1.0666039564899428,16.338,0.4730285403651666
373,9.427,1.068022003518654,16.338,0.4730285403651666
374,9.42,1.0703270528207722,16.339,0.4733698342733723
375,9.415,1.068070690544404,16.339,0.4733698342733723
376,9.406,1.0654407538666804,16.34,0.47370877129308037
377,9.398,1.0656434675819113,16.34,0.47370877129308037
378,9.396,1.0663882970100524,16.34,0.47370877129308037
379,9.393,1.067029053025268,16.34,0.47370877129308037
380,9.387,1.065472195789266,16.34,0.47370877129308037
381,9.385,1.065258184666985,16.342,0.47437959483940695
382,9.382,1.065868659826341,16.344,0.47504105085771264
383,9.377,1.0643641294218817,16.344,0.47504105085771264
384,9.373,1.0629539030456587,16.345,0.4753682782853732
385,9.37,1.062591172558854,16.346,0.47569317842491704
386,9.367,1.0631608533048984,16.347,0.4760157560417512
387,9.365,1.0638491434409296,16.349,0.47665396253466724
388,9.363,1.0682841382328956,16.352,0.4775939698111775
389,9.36,1.0669582934679311,16.353,0.4779027097642365
390,9.354,1.0689639844260423,16.356,0.4788152044369518
391,9.35,1.072147377928986,16.356,0.4788152044369518
392,9.348,1.0718656632246413,16.356,0.4788152044369518
393,9.347,1.0717233784890579,16.356,0.4788152044369518
394,9.339,1.0714844842553717,16.358,0.47941214002150595
395,9.336,1.0719626859177516,16.358,0.47941214002150595
396,9.334,1.0707212522407503,16.36,0.4799999999999999
397,9.328,1.0725744729388256,16.36,0.4799999999999999
398,9.327,1.07334570386246,16.36,0.4799999999999999
399,9.325,1.0739529784864885,16.36,0.4799999999999999
400,9.32,1.075918212505021,16.361,0.48029053707105235
401,9.318,1.07558170307978,16.362,0.4805788176771839
402,9.311,1.0715778086541359,16.362,0.4805788176771839
403,9.307,1.0736624236695629,16.362,0.4805788176771839
404,9.301,1.0707002381619235,16.362,0.4805788176771839
405,9.294,1.072177224156529,16.362,0.4805788176771839
406,9.29,1.0714009520249643,16.362,0.4805788176771839
407,9.279,1.071988339488821,16.364,0.48114862568649197
408,9.274,1.0737429860073593,16.365,0.4814301610825812
409,9.269,1.070812308483611,16.367,0.48198651433416684
410,9.261,1.0718577330970749,16.369,0.48253393663036803
411,9.259,1.0732748948894688,16.37,0.48280430818293246
412,9.252,1.072611765738191,16.37,0.48280430818293246
413,9.245,1.0719025142241247,16.371,0.4830724583331159
414,9.241,1.0709430423696678,16.372,0.48333839077813795
415,9.235,1.0769285027335844,16.374,0.4838636171484688
416,9.23,1.0775435026020994,16.374,0.4838636171484688
417,9.228,1.0788957317553907,16.376,0.48438001610305936
418,9.223,1.0804031654896242,16.376,0.48438001610305936
419,9.217,1.084394300980967,16.377,0.4846349141364044
420,9.214,1.086371943673068,16.378,0.48488761584515644
421,9.211,1.0883377233193747,16.379,0.48513812466142053
422,9.205,1.0858061521284543,16.379,0.48513812466142053
423,9.203,1.0861818448123683,16.379,0.48513812466142053
424,9.197,1.0863659604387466,16.38,0.48538644398046393
425,9.191,1.0865169119714613,16.381,0.4856325771609644
426,9.187,1.087212490730308,16.382,0.4858765275252552
427,9.18,1.0906878563548783,16.382,0.4858765275252552
428,9.176,1.0922563801598963,16.382,0.4858765275252552
429,9.175,1.0928746497197197,16.383,0.48611829835956605
430,9.169,1.093818540709564,16.386,0.4868305660083393
431,9.162,1.0971581472148855,16.386,0.4868305660083393
432,9.158,1.0986519011952787,16.388,0.4872945721019269
433,9.154,1.1010376923611653,16.391,0.4879743845736167
434,9.15,1.1006816070054048,16.391,0.4879743845736167
435,9.146,1.1021270344202612,16.392,0.48819668167655544
436,9.141,1.1023243624269583,16.392,0.48819668167655544
437,9.14,1.1038115781237303,16.393,0.48841683017684806
438,9.137,1.1046406655559988,16.396,0.4890644129355559
439,9.13,1.102315744240279,16.397,0.4892759957324701
440,9.122,1.10232300166512,16.397,0.4892759957324701
441,9.12,1.1016351483136329,16.397,0.4892759957324701
442,9.116,1.1011557564668133,16.397,0.4892759957324701
443,9.11,1.0981347822558032,16.399,0.48969276082049656
444,9.108,1.0983332827516428,16.401,0.49010100999691886
445,9.101,1.0994539553796694,16.404,0.4906974628016737
446,9.099,1.0969042802359739,16.405,0.4908920451586072
447,9.093,1.093778313919233,16.405,0.4908920451586072
448,9.091,1.096685460831865,16.405,0.4908920451586072
449,9.087,1.1015584414818853,16.408,0.4914631217090453
450,9.083,1.1027742289335565,16.408,0.4914631217090453
451,9.081,1.1020158801033677,16.411,0.49201524366629124
452,9.076,1.1019183272820179,16.411,0.49201524366629124
453,9.071,1.1027053096816029,16.411,0.49201524366629124
454,9.064,1.1008651143532528,16.412,0.4921950832749145
455,9.057,1.0971558685984413,16.412,0.4921950832749145
456,9.055,1.099079160024427,16.413,0.4923728262201318
457,9.047,1.0985403952518087,16.413,0.4923728262201318
458,9.043,1.094143957621665,16.413,0.4923728262201318
459,9.04,1.095627673984187,16.413,0.4923728262201318
460,9.037,1.0980122950131297,16.414,0.4925484747717732
461,9.029,1.09643011633209,16.414,0.4925484747717732
462,9.023,1.0938331682665325,16.414,0.4925484747717732
463,9.018,1.0925548041173954,16.415,0.4927220311697052
464,9.011,1.0912740260814422,16.416,0.4928934976239796
465,9.008,1.0908418767172445,16.416,0.4928934976239796
466,9.004,1.0936105339653601,16.416,0.4928934976239796
467,8.999,1.0940744947214518,16.417,0.4930628763149787
468,8.998,1.0945300361342305,16.417,0.4930628763149787
469,8.998,1.0945300361342305,16.417,0.4930628763149787
470,8.994,1.096341187769574,16.418,0.4932301693935601
471,8.986,1.0971800216919738,16.418,0.4932301693935601
472,8.982,1.0971216887838833,16.42,0.4935585071701227
473,8.98,1.0989085494252924,16.423,0.4940354238311256
474,8.975,1.1001704413407951,16.425,0.4943429983321297
475,8.968,1.1022594975775895,16.429,0.4949333288433908
476,8.966,1.101291968553299,16.431,0.49521611443893865
477,8.96,1.1001818031580053,16.434,0.49562485813364937
478,8.955,1.0986241395490999,16.435,0.4957569969249047
479,8.952,1.0998618095015391,16.435,0.4957569969249047
480,8.948,1.099679953441,16.437,0.49601512073726134
481,8.946,1.1014009260936726,16.439,0.49626505014961514
482,8.935,1.0994430408165765,16.439,0.49626505014961514
483,8.931,1.1001086309996844,16.439,0.49626505014961514
484,8.926,1.1002381560371373,16.441,0.4965067975365494
485,8.921,1.1003449459146888,16.441,0.4965067975365494
486,8.915,1.1017145728363584,16.441,0.4965067975365494
487,8.91,1.101771301132862,16.441,0.4965067975365494
488,8.904,1.1012647274838145,16.441,0.4965067975365494
489,8.897,1.1083280200373893,16.441,0.4965067975365494
490,8.892,1.108303207610625,16.441,0.4965067975365494
491,8.89,1.1099099062536562,16.441,0.4965067975365494
492,8.883,1.1105453615228869,16.442,0.4966246067202067
493,8.88,1.1097747519204064,16.442,0.4966246067202067
494,8.879,1.109215488532323,16.444,0.49685410333416785
495,8.873,1.1067389032649027,16.446,0.4970754469896899
496,8.868,1.10570158722867,16.448,0.49728864857344174
497,8.862,1.106777303706577,16.448,0.49728864857344174
498,8.858,1.1071747829498286,16.448,0.49728864857344174
499,8.855,1.1117441252374578,16.449,0.497392199375905
500,8.849,1.112743905847163,16.449,0.497392199375905
501,8.845,1.113990574466409,16.451,0.4975932073491357
502,8.841,1.1143244590333643,16.452,0.4976906669810073
503,8.835,1.1116541728433353,16.453,0.49778609864077167
504,8.83,1.1104503590885997,16.455,0.4979708826829135
505,8.822,1.1082941847722563,16.456,0.4980602373207483
506,8.817,1.1106354037216715,16.458,0.4982328772772828
507,8.81,1.1117103939425952,16.461,0.49847667949463803
508,8.804,1.1106682673057695,16.461,0.49847667949463803
509,8.799,1.1120247299408408,16.463,0.4986291206899172
510,8.795,1.1112942904559528,16.463,0.4986291206899172
511,8.791,1.112348416639319,16.464,0.49870231601627835
512,8.787,1.1133871743468218,16.464,0.49870231601627835
513,8.781,1.109521969138061,16.464,0.49870231601627835
514,8.778,1.1093764014075655,16.465,0.4987734956871705
515,8.773,1.1115174312623262,16.465,0.4987734956871705
516,8.768,1.1127335709863344,16.466,0.4988426605654332
517,8.767,1.1111755036896738,16.466,0.4988426605654332
518,8.76,1.1128342194594847,16.467,0.4989098114890104
519,8.753,1.1090495931201634,16.467,0.4989098114890104
520,8.742,1.1097008605926195,16.467,0.4989098114890104
521,8.738,1.106957993782962,16.467,0.4989098114890104
522,8.736,1.1046737074810826,16.468,0.49897494927100305
523,8.732,1.1082310228467709,16.468,0.49897494927100305
524,8.73,1.108647825055369,16.47,0.4990991885387112
525,8.725,1.1087718430768343,16.47,0.4990991885387112
526,8.719,1.1126720091743116,16.47,0.4990991885387112
527,8.711,1.1151138955281654,16.47,0.4990991885387112
528,8.705,1.1171280141505717,16.471,0.4991582915268462
529,8.701,1.1169597127918267,16.472,0.49921538437832624
530,8.7,1.1171392035015153,16.472,0.49921538437832624
531,8.695,1.1198102517837565,16.472,0.49921538437832624
532,8.691,1.11781885831292,16.472,0.49921538437832624
533,8.688,1.1210066904349858,16.472,0.49921538437832624
534,8.687,1.12117393833428,16.473,0.49927046778274403
535,8.685,1.1223969885918264,16.473,0.49927046778274403
536,8.682,1.1228873496482181,16.473,0.49927046778274403
537,8.675,1.1239995551600543,16.473,0.49927046778274403
538,8.672,1.1226825018677362,16.474,0.4993235424051223
539,8.67,1.1220962525559026,16.475,0.4993746088859545
540,8.661,1.1269778169955253,16.475,0.4993746088859545
541,8.652,1.12734023258287,16.477,0.4994707198625361
542,8.648,1.1278723332008813,16.479,0.4995588053472783
543,8.641,1.1278825293442576,16.48,0.49959983987187184
544,8.639,1.1290168289268323,16.48,0.49959983987187184
545,8.634,1.1260745978841722,16.481,0.4996388695848232
546,8.629,1.1266583333025144,16.482,0.4996758949559204
547,8.625,1.1279960106312434,16.483,0.49971091643069
548,8.62,1.1303096920755835,16.483,0.49971091643069
549,8.617,1.1306241639023995,16.483,0.49971091643069
550,8.613,1.1274888026051522,16.486,0.4998039615689335
551,8.607,1.1307302949863862,16.486,0.4998039615689335
552,8.604,1.1327771184129733,16.486,0.4998039615689335
553,8.6,1.131370849898476,16.488,0.49985597925802594
554,8.593,1.1284285533430993,16.49,0.49989998999799956
555,8.588,1.1261687262573048,16.492,0.49993599590347565
556,8.586,1.1272107167694956,16.492,0.49993599590347565
557,8.585,1.1263991299712548,16.492,0.49993599590347565
558,8.579,1.124170360754988,16.494,0.49996399870390673
559,8.578,1.1233503460630616,16.494,0.49996399870390673
560,8.577,1.1234193339977732,16.495,0.49997499937496875
561,8.571,1.122033421962109,16.499,0.4999989999990001
562,8.57,1.1229870880824941,16.5,0.5
563,8.568,1.1231099679016299,16.5,0.5
564,8.563,1.125180429975566,16.501,0.4999989999990001
565,8.559,1.1227283732052022,16.502,0.49999599998399996
566,8.555,1.1220405518518481,16.503,0.49999099991899854
567,8.551,1.1240102312701608,16.503,0.49999099991899854
568,8.549,1.1249884443850966,16.503,0.49999099991899854
569,8.545,1.1215948466358072,16.503,0.49999099991899854
570,8.544,1.122525723535991,16.503,0.49999099991899854
571,8.541,1.1226393009332962,16.504,0.4999839997439918
572,8.534,1.1201981967491288,16.505,0.49997499937496875
573,8.531,1.1184985471604334,16.507,0.4999509975987647
574,8.523,1.1160067204098727,16.508,0.49993599590347565
575,8.517,1.1170098477632147,16.508,0.49993599590347565
576,8.511,1.1179798745952452,16.509,0.4999189934379368
577,8.506,1.1189119715151858,16.509,0.4999189934379368
578,8.502,1.1198196283330633,16.51,0.49989998999799956
579,8.498,1.115345686323303,16.51,0.49989998999799956
580,8.495,1.1171280141505717,16.513,0.49983097142934235
581,8.494,1.1180178889445374,16.515,0.49977494935220584
582,8.493,1.1171172722682252,16.515,0.49977494935220584
583,8.491,1.1188918625139785,16.515,0.49977494935220584
584,8.483,1.1214771509041102,16.515,0.49977494935220584
585,8.479,1.1214093810914905,16.516,0.49974393443042403
586,8.478,1.1222816045895077,16.516,0.49974393443042403
587,8.475,1.1204351833104849,16.516,0.49974393443042403
588,8.472,1.1230387348618034,16.516,0.49974393443042403
589,8.468,1.1211494102036534,16.518,0.4996758949559204
590,8.461,1.1191420821325593,16.518,0.4996758949559204
591,8.456,1.121634521580002,16.518,0.4996758949559204
592,8.452,1.1205784220660329,16.519,0.4996388695848232
593,8.444,1.1219910873086292,16.519,0.4996388695848232
594,8.438,1.1207836544132859,16.519,0.4996388695848232
595,8.434,1.1196624491336662,16.519,0.4996388695848232
596,8.43,1.1167363162358424,16.52,0.49959983987187184
597,8.426,1.1173737065100466,16.52,0.49959983987187184
598,8.421,1.1179262050779557,16.52,0.49959983987187184
599,8.421,1.1179262050779557,16.521,0.4995588053472783
600,8.418,1.1141256661615868,16.521,0.4995588053472783
601,8.411,1.1126899837780513,16.521,0.4995588053472783
602,8.407,1.115952955997698,16.523,0.49947071986253605
603,8.401,1.1136422226190958,16.526,0.4993235424051223
604,8.399,1.1116649675149433,16.527,0.49927046778274403
605,8.395,1.110394074191681,16.528,0.49921538437832624
606,8.389,1.1052958879865609,16.529,0.49915829152684615
607,8.387,1.1032819222664714,16.529,0.49915829152684615
608,8.38,1.1052601503718482,16.529,0.49915829152684615
609,8.379,1.1051511208879985,16.53,0.4990991885387112
610,8.375,1.1038002536691138,16.53,0.4990991885387112
611,8.37,1.1014081895464551,16.532,0.49897494927100305
612,8.367,1.1028649055981428,16.533,0.4989098114890104
613,8.363,1.102375163000328,16.533,0.4989098114890104
614,8.358,1.1044618599118758,16.534,0.4988426605654332
615,8.354,1.0984916931866164,16.535,0.4987734956871705
616,8.348,1.098588184899146,16.536,0.4987023160162783
617,8.342,1.1004708083361412,16.538,0.4985539088203001
618,8.337,1.1024658724876704,16.538,0.4985539088203001
619,8.332,1.1044346970283032,16.539,0.49847667949463803
620,8.327,1.1045682414409714,16.54,0.49839743177508444
621,8.324,1.1040941988797877,16.54,0.49839743177508444
622,8.322,1.1037735274955638,16.54,0.49839743177508444
623,8.319,1.105096828336775,16.543,0.49814756849752867
624,8.313,1.1077143133497915,16.544,0.4980602373207483
625,8.311,1.109179426422975,16.545,0.4979708826829135
626,8.309,1.110639005257784,16.545,0.4979708826829135
627,8.306,1.1119190618026116,16.547,0.49778609864077167
628,8.302,1.110313469250914,16.547,0.49778609864077167
629,8.295,1.1108442735145194,16.547,0.49778609864077167
630,8.292,1.1102864495255267,16.549,0.49759320734913576
631,8.289,1.1079165131001525,16.55,0.49749371855330987
632,8.286,1.1118471117919047,16.551,0.497392199375905
633,8.281,1.1117729084664727,16.552,0.49728864857344174
634,8.275,1.1051583596933066,16.554,0.4970754469896899
635,8.273,1.1056541050437065,16.555,0.4969657935914705
636,8.266,1.1050990905796636,16.555,0.4969657935914705
637,8.263,1.106268954639874,16.556,0.49685410333416785
638,8.261,1.1067425174809178,16.556,0.49685410333416785
639,8.253,1.1076962580057765,16.558,0.4966246067202067
640,8.249,1.1076998690981235,16.559,0.4965067975365494
641,8.244,1.1101639518557609,16.56,0.4963869458396343
642,8.244,1.1101639518557609,16.56,0.4963869458396343
643,8.235,1.1062436440495378,16.562,0.4961411089599409
644,8.23,1.1014081895464551,16.563,0.49601512073726134
645,8.227,1.1006684332713463,16.564,0.4958870839213299
646,8.222,1.1003254064139392,16.567,0.4954906659060289
647,8.219,1.102288074869723,16.568,0.49535441857320706
648,8.216,1.1033331319234458,16.568,0.49535441857320706
649,8.213,1.103463184705317,16.568,0.49535441857320706
650,8.209,1.1042277844720263,16.569,0.49521611443893865
651,8.205,1.1022590439638043,16.569,0.49521611443893865
652,8.198,1.1039909419918261,16.57,0.49507575177946256
653,8.196,1.1034418879125443,16.57,0.49507575177946256
654,8.193,1.1017036806691716,16.571,0.4949333288433908
655,8.189,1.1023969339580004,16.571,0.4949333288433908
656,8.188,1.1039275338535588,16.572,0.49478884385159694
657,8.186,1.103360321925707,16.573,0.494642294997102
658,8.183,1.1025021541929068,16.574,0.4944936804449578
659,8.179,1.1049701353430326,16.574,0.4944936804449578
660,8.178,1.1037735274955638,16.574,0.4944936804449578
661,8.176,1.1031881072600447,16.574,0.4944936804449578
662,8.172,1.0992797642092753,16.575,0.4943429983321297
663,8.167,1.0995958348411474,16.575,0.4943429983321297
664,8.163,1.096554148229808,16.576,0.494190246767376
665,8.159,1.0962294467856624,16.576,0.494190246767376
666,8.157,1.0946921941806291,16.577,0.4940354238311256
667,8.152,1.0931129859259747,16.577,0.4940354238311256
668,8.148,1.092746997250507,16.577,0.4940354238311256
669,8.142,1.093542866100822,16.579,0.4937195560234575
670,8.141,1.0932149834318958,16.581,0.49339537898119806
671,8.138,1.0931404301369518,16.583,0.4930628763149787
672,8.135,1.0921423899840168,16.585,0.4927220311697052
673,8.132,1.0938811635639403,16.586,0.4925484747717732
674,8.124,1.0948168796652706,16.586,0.4925484747717732
675,8.116,1.0993379826058955,16.587,0.4923728262201318
676,8.109,1.0986896741118486,16.587,0.4923728262201318
677,8.105,1.0999886363049391,16.587,0.4923728262201318
678,8.097,1.0998140751963488,16.587,0.4923728262201318
679,8.094,1.0977996174165847,16.587,0.4923728262201318
680,8.09,1.098134782255803,16.587,0.4923728262201318
681,8.09,1.098134782255803,16.587,0.4923728262201318
682,8.084,1.0967880378632875,16.588,0.4921950832749145
683,8.076,1.0964597575834694,16.588,0.4921950832749145
684,8.071,1.097250655046512,16.588,0.4921950832749145
685,8.067,1.0956783287078375,16.589,0.49201524366629124
686,8.057,1.0980669378503298,16.589,0.49201524366629124
687,8.053,1.0982672716602275,16.592,0.4914631217090453
688,8.048,1.0971308035052156,16.592,0.4914631217090453
689,8.041,1.0951342383470621,16.592,0.4914631217090453
690,8.037,1.0971011803840156,16.593,0.4912748721438947
691,8.035,1.098988171000944,16.594,0.49108451411136955
692,8.032,1.0986245946637094,16.597,0.4905007645253981
693,8.028,1.099643578619909,16.597,0.4905007645253981
694,8.026,1.0996926843441308,16.598,0.4903019477832003
695,8.022,1.1006888752049782,16.599,0.49010100999691886
696,8.019,1.0993811895789376,16.599,0.49010100999691886
697,8.011,1.0958462483396108,16.601,0.48969276082049656
698,8.007,1.095879099171072,16.602,0.4894854441145313
699,8.004,1.0945245543157083,16.602,0.4894854441145313
700,8.001,1.0959009991783015,16.604,0.4890644129355559
701,7.999,1.0968131107896184,16.605,0.48885069295235734
702,7.996,1.0981730282610296,16.606,0.4886348329785751
703,7.993,1.098613216741907,16.608,0.48819668167655544
704,7.99,1.098134782255803,16.609,0.4879743845736167
705,7.988,1.0962919319232447,16.609,0.4879743845736167
706,7.982,1.0952972199362145,16.611,0.4875233327749554
707,7.975,1.0937892850087716,16.613,0.48706365087121833
708,7.97,1.0968591523071682,16.615,0.48659531440407444
709,7.966,1.097653861652206,16.615,0.48659531440407444
710,7.961,1.0942938362249877,16.617,0.48611829835956605
711,7.956,1.0927323551538135,16.618,0.4858765275252552
712,7.953,1.091233705491175,16.62,0.48538644398046393
713,7.947,1.0909587526574962,16.62,0.48538644398046393
714,7.941,1.0888154113530908,16.622,0.48488761584515644
715,7.936,1.0880735269272939,16.622,0.48488761584515644
716,7.934,1.0870344980726232,16.624,0.48438001610305936
717,7.93,1.088622983406101,16.625,0.4841229182759271
718,7.927,1.0879664516886538,16.627,0.483602109176542
719,7.923,1.0849290299369816,16.627,0.483602109176542
720,7.919,1.083715368535484,16.627,0.483602109176542
721,7.916,1.0857918769266972,16.629,0.4830724583331159
722,7.913,1.0841729566817282,16.63,0.48280430818293246
723,7.908,1.0842213796084268,16.63,0.48280430818293246
724,7.905,1.081653826323376,16.631,0.48253393663036803
725,7.9,1.0816653826391969,16.632,0.4822613399392492
726,7.897,1.0790695065657263,16.632,0.4822613399392492
727,7.897,1.0790695065657263,16.632,0.4822613399392492
728,7.897,1.0790695065657263,16.634,0.4817094560001909
729,7.892,1.0771889342172059,16.634,0.4817094560001909
730,7.887,1.0771401951463886,16.635,0.4814301610825812
731,7.883,1.0757839002327558,16.635,0.4814301610825812
732,7.873,1.0774372371511947,16.636,0.481148625686492
733,7.864,1.075873598523544,16.636,0.481148625686492
734,7.86,1.076289923765897,16.637,0.4808648458766767
735,7.856,1.079473945957011,16.637,0.4808648458766767
736,7.853,1.0776785234939035,16.638,0.48057881767718397
737,7.849,1.080832549472859,16.639,0.4802905370710524
738,7.846,1.0836438529332413,16.639,0.4802905370710524
739,7.844,1.0833577433147372,16.64,0.4799999999999999
740,7.838,1.0852446728733571,16.64,0.4799999999999999
741,7.833,1.0877090603649489,16.64,0.4799999999999999
742,7.83,1.0858637115218466,16.641,0.47970720236410874
743,7.824,1.0867492811131738,16.641,0.47970720236410874
744,7.82,1.0860939185908371,16.642,0.47941214002150595
745,7.818,1.0848391585852717,16.642,0.47941214002150595
746,7.815,1.0857140507518543,16.642,0.47941214002150595
747,7.813,1.0853713650175225,16.645,0.478513322698543
748,7.81,1.0843892290132726,16.646,0.47820915925983676
749,7.805,1.0839626377325005,16.646,0.47820915925983676
750,7.798,1.0859079150646245,16.648,0.4775939698111775
751,7.795,1.0885655699129932,16.649,0.47728293495577656
752,7.79,1.0880716888146664,16.65,0.47696960070847283
753,7.787,1.0897848411498483,16.651,0.47665396253466724
754,7.78,1.085172797300043,16.651,0.47665396253466724
755,7.774,1.0811678870554748,16.654,0.4756931784249171
756,7.769,1.0814984974561914,16.655,0.4753682782853732
757,7.763,1.0801995186075581,16.657,0.47471149132920726
758,7.76,1.0781465577554845,16.659,0.474045356479736
759,7.756,1.0781762379128934,16.659,0.474045356479736
760,7.749,1.0723800632238552,16.66,0.47370877129308037
761,7.743,1.0681530789170623,16.66,0.47370877129308037
762,7.739,1.0653069980057392,16.661,0.4733698342733723
763,7.735,1.0661965109678422,16.662,0.4730285403651666
764,7.73,1.0625911725588542,16.662,0.4730285403651666
765,7.726,1.059681084100306,16.663,0.47268488446321205
766,7.723,1.0603164621941885,16.663,0.47268488446321205
767,7.719,1.0611498480422075,16.663,0.47268488446321205
768,7.713,1.0604862092455518,16.664,0.4723388614120165
769,7.712,1.0606865701044772,16.665,0.4719904660054056
770,7.71,1.060141499989506,16.665,0.4719904660054056
771,7.707,1.0597881863844303,16.665,0.4719904660054056
772,7.699,1.0613194618021475,16.665,0.4719904660054056
773,7.696,1.0618775823982725,16.666,0.471639692986076
774,7.692,1.0597811094749707,16.667,0.4712865370451399
775,7.689,1.0612629268941793,16.669,0.4705730549022118
776,7.683,1.058541921701734,16.671,0.46984997605618756
777,7.679,1.058281153569315,16.671,0.46984997605618756
778,7.678,1.0575046099190302,16.671,0.46984997605618756
779,7.672,1.053762781654391,16.673,0.46911725613112965
780,7.667,1.0498147455622824,16.675,0.4683748498798798
781,7.664,1.0493350275293396,16.676,0.46799999999999997
782,7.66,1.050904372433572,16.677,0.4676227111678816
783,7.653,1.0547942927414804,16.679,0.4668607929565301
784,7.65,1.0514276009312291,16.679,0.4668607929565301
785,7.646,1.0519904942536313,16.679,0.4668607929565301
786,7.642,1.0506359978603437,16.679,0.4668607929565301
787,7.639,1.0481788969446009,16.681,0.46608904728603096
788,7.636,1.0466632696335532,16.683,0.46530742525775365
789,7.63,1.0464702575802143,16.684,0.4649128950674524
790,7.627,1.042051342305167,16.686,0.46411636471902173
791,7.623,1.0425310546933362,16.686,0.46411636471902173
792,7.618,1.0450244016289763,16.689,0.46290279757201735
793,7.616,1.0452482958608447,16.69,0.4624932431938871
794,7.613,1.0436623017049145,16.691,0.46208116170214086
795,7.608,1.0413145538212747,16.691,0.46208116170214086
796,7.606,1.039597999228548,16.691,0.46208116170214086
797,7.603,1.0389374379624599,16.691,0.46208116170214086
798,7.6,1.036339712642529,16.692,0.4616665463297075
799,7.591,1.0342722078833986,16.692,0.4616665463297075
800,7.588,1.0345317781489363,16.693,0.46124939024349937
801,7.581,1.03123178771797,16.693,0.46124939024349937
802,7.578,1.033400212889469,16.694,0.4608296865437382
803,7.575,1.0316855140981676,16.694,0.4608296865437382
804,7.571,1.0319685072714186,16.694,0.4608296865437382
805,7.565,1.0284818909441236,16.695,0.4604074282632721
806,7.56,1.03072789813801,16.696,0.45998260836688165
807,7.56,1.03072789813801,16.697,0.4595552197505757
808,7.559,1.029815031935347,16.697,0.4595552197505757
809,7.554,1.0281459040428067,16.697,0.4595552197505757
810,7.549,1.0293682528619192,16.697,0.4595552197505757
811,7.546,1.0314475265373417,16.697,0.4595552197505757
812,7.539,1.0317359158234243,16.697,0.4595552197505757
813,7.536,1.0328136327527828,16.699,0.4586927075940929
814,7.532,1.0310072744651224,16.7,0.458257569495584
815,7.529,1.032065404904166,16.7,0.458257569495584
816,7.525,1.029259442511945,16.701,0.4578198335590104
817,7.521,1.0264302216906904,16.701,0.4578198335590104
818,7.517,1.024554049330732,16.701,0.4578198335590104
819,7.517,1.024554049330732,16.703,0.45693653826324726
820,7.511,1.0246360329404778,16.703,0.45693653826324726
821,7.504,1.0237108966890995,16.704,0.4564909637659874
822,7.5,1.0207840124139875,16.704,0.4564909637659874
823,7.494,1.0178231673527578,16.704,0.4564909637659874
824,7.492,1.0187914408749221,16.705,0.4560427611529428
825,7.486,1.0177445652028803,16.707,0.45513844047718055
826,7.484,1.0177150878315602,16.708,0.4546823066713725
827,7.481,1.0186456695043669,16.709,0.45422351326191823
828,7.48,1.0186265262597474,16.709,0.45422351326191823
829,7.477,1.0215042829082999,16.71,0.45376205218153703
830,7.474,1.0233884892844947,16.711,0.45329791528309515
831,7.469,1.0232492365010588,16.712,0.45283109433871704
832,7.462,1.0200764677219056,16.712,0.45283109433871704
833,7.457,1.016932151129071,16.713,0.45236158103888535
834,7.451,1.0156766217650182,16.713,0.45236158103888535
835,7.446,1.016407398635016,16.713,0.45236158103888535
836,7.442,1.01618699066658,16.713,0.45236158103888535
837,7.439,1.0179778975989606,16.714,0.45188936699152366
838,7.433,1.0166174305017597,16.716,0.45093680266751346
839,7.43,1.0164152694642086,16.717,0.4504564351854683
840,7.424,1.0189327750151136,16.718,0.4499733325431631
841,7.415,1.0221423579912927,16.72,0.448998886412873
842,7.411,1.0198426349197214,16.72,0.448998886412873
843,7.407,1.0194856546317854,16.72,0.448998886412873
844,7.402,1.017052604342568,16.72,0.448998886412873
845,7.397,1.0175416453393937,16.72,0.448998886412873
846,7.391,1.0159325765029883,16.721,0.4485075250204839
847,7.386,1.0153836713282325,16.721,0.4485075250204839
848,7.381,1.0148098344024854,16.721,0.4485075250204839
849,7.377,1.0163026124142356,16.721,0.4485075250204839
850,7.372,1.0146999556519158,16.721,0.4485075250204839
851,7.367,1.0101044500446477,16.722,0.4480133926569606
852,7.366,1.0109619181749627,16.722,0.4480133926569606
853,7.364,1.011683745050794,16.723,0.4475164801434691
854,7.358,1.0088785853609938,16.725,0.4465142774872937
855,7.352,1.0080158728908983,16.725,0.4465142774872937
856,7.347,1.0042863137571876,16.725,0.4465142774872937
857,7.339,1.000039499219906,16.726,0.44600896851969246
858,7.333,1.0020533917910763,16.726,0.44600896851969246
859,7.331,1.0007192413459431,16.727,0.4455008417500465
860,7.328,0.9992076861193574,16.728,0.44498988752554824
861,7.322,0.9961505910252725,16.728,0.44498988752554824
862,7.319,0.9966137667120598,16.728,0.44498988752554824
863,7.312,0.9943118223173251,16.729,0.44447609609516686
864,7.309,0.9937399056091085,16.73,0.4439594576084622
865,7.303,0.9935748587801525,16.731,0.4434399621143768
866,7.299,0.9927733880397882,16.733,0.44239235978936164
867,7.296,0.9921612772125308,16.734,0.44186423254207846
868,7.295,0.98993686667383,16.734,0.44186423254207846
869,7.288,0.9864360090750945,16.736,0.44079927404658914
870,7.283,0.9873758149762432,16.736,0.44079927404658914
871,7.279,0.9885135305093198,16.737,0.440262421744123
872,7.276,0.9878380434059016,16.737,0.440262421744123
873,7.269,0.9852101298707805,16.737,0.440262421744123
874,7.265,0.9852791482620548,16.737,0.440262421744123
875,7.26,0.986103442849684,16.739,0.4391799175736524
876,7.253,0.9843734047606122,16.742,0.4375339986789598
877,7.249,0.9823436262326947,16.745,0.43586121644395015
878,7.248,0.9810688049265452,16.746,0.4352975993501457
879,7.242,0.9774640658356706,16.746,0.4352975993501457
880,7.238,0.9784457062095985,16.746,0.4352975993501457
881,7.233,0.9781160462848976,16.747,0.4347309512790641
882,7.229,0.9759912909447501,16.748,0.434161260363013
883,7.223,0.975331225789475,16.749,0.4335885146080325
884,7.221,0.9737345634206479,16.749,0.4335885146080325
885,7.219,0.9731592880921397,16.749,0.4335885146080325
886,7.212,0.9700804090383436,16.75,0.4330127018922193
887,7.207,0.9665148731395705,16.751,0.43243380996402214
888,7.205,0.9669410530120232,16.751,0.43243380996402214
889,7.2,0.9622889378975528,16.754,0.43067853440820564
890,7.198,0.959581158631202,16.754,0.43067853440820564
891,7.193,0.9600786426121559,16.754,0.43067853440820564
892,7.189,0.958790383764877,16.756,0.42949272403615874
893,7.186,0.9588555678515926,16.756,0.42949272403615874
894,7.18,0.9599999999999999,16.756,0.42949272403615874
895,7.175,0.956229574945264,16.758,0.4282942913464993
896,7.167,0.9513732180380106,16.758,0.4282942913464993
897,7.161,0.9439698088392448,16.76,0.4270831300812525
898,7.157,0.9414621606841138,16.76,0.4270831300812525
899,7.153,0.9389307748710763,16.762,0.4258591316386206
900,7.146,0.9363140498785651,16.764,0.42462218500685994
901,7.142,0.9358611008050286,16.764,0.42462218500685994
902,7.136,0.9356837072429979,16.764,0.42462218500685994
903,7.133,0.9334404105244213,16.764,0.42462218500685994
904,7.132,0.9341177655948955,16.764,0.42462218500685994
905,7.123,0.9315959424557407,16.765,0.42399882075307704
906,7.121,0.9307840780761132,16.766,0.423372176695635
907,7.116,0.9341006369765519,16.768,0.4221089906647334
908,7.111,0.9309559602902815,16.769,0.4214724190264411
909,7.106,0.9310016111693901,16.769,0.4214724190264411
910,7.1,0.92951600308978,16.77,0.4208325082500162
911,7.097,0.9292959700762723,16.77,0.4208325082500162
912,7.091,0.9266709232516147,16.772,0.4195426080864732
913,7.086,0.923365583070974,16.772,0.4195426080864732
914,7.083,0.9220146419661673,16.772,0.4195426080864732
915,7.082,0.9204759638361015,16.772,0.4195426080864732
916,7.075,0.9172649562694523,16.772,0.4195426080864732
917,7.072,0.915868986263865,16.774,0.4182391660282428
918,7.066,0.9141356573288233,16.776,0.4169220550654522
919,7.065,0.9136602213076807,16.776,0.4169220550654522
920,7.063,0.9138003064127304,16.778,0.41559114523772034
921,7.061,0.9139359933824688,16.778,0.41559114523772034
922,7.06,0.913454979733539,16.779,0.41492047430802925
923,7.057,0.9141941806859198,16.781,0.41356861583055354
924,7.049,0.9135639003375736,16.781,0.41356861583055354
925,7.037,0.9097422711955294,16.781,0.41356861583055354
926,7.033,0.9098961479201899,16.781,0.41356861583055354
927,7.03,0.908350152749478,16.783,0.4122026200790092
928,7.018,0.9009306299599321,16.785,0.4108223460329294
929,7.012,0.9021396787637711,16.786,0.410126809657696
930,7.009,0.8993992439400869,16.786,0.410126809657696
931,7.006,0.8977549777082832,16.786,0.410126809657696
932,6.999,0.8949854747424674,16.786,0.410126809657696
933,6.997,0.8927435241994199,16.786,0.410126809657696
934,6.993,0.8904779615464945,16.788,0.40872484632084705
935,6.989,0.8904375329016629,16.788,0.40872484632084705
936,6.986,0.8909567890756543,16.789,0.40801838193885337
937,6.983,0.8880940265534952,16.789,0.40801838193885337
938,6.98,0.8874683092933516,16.791,0.40659439248469725
939,6.972,0.88499491523963,16.792,0.4058768286069063
940,6.966,0.8859142170661897,16.793,0.4051555256935293
941,6.962,0.8834908035740948,16.793,0.4051555256935293
942,6.958,0.8821768530175794,16.794,0.40443046373882374
943,6.957,0.881561682470376,16.795,0.40370162248868907
944,6.952,0.8807360558078681,16.797,0.4022325198190718
945,6.945,0.8820289110907873,16.801,0.399248043201216
946,6.941,0.8794992893686726,16.802,0.39849215801568794
947,6.938,0.8764450924045386,16.802,0.39849215801568794
948,6.936,0.8763013180407754,16.805,0.39620070671315066
949,6.93,0.8769834662067466,16.805,0.39620070671315066
950,6.922,0.8751662699167513,16.806,0.395428881089887
951,6.919,0.8697350171172826,16.806,0.395428881089887
952,6.914,0.8686794575676346,16.808,0.39387307600291743
953,6.911,0.8678012445254961,16.809,0.39308904843559306
954,6.907,0.8662280300244273,16.809,0.39308904843559306
955,6.901,0.864406732967762,16.809,0.39308904843559306
956,6.898,0.8623201261712498,16.809,0.39308904843559306
957,6.896,0.8609204376712171,16.809,0.39308904843559306
958,6.894,0.8595138160611498,16.81,0.39230090491866065
959,6.89,0.8566796367370945,16.81,0.39230090491866065
960,6.883,0.8528253045026278,16.81,0.39230090491866065
961,6.878,0.8515374331173,16.81,0.39230090491866065
962,6.874,0.8486012019788802,16.811,0.39150862059474506
963,6.868,0.8417695646671955,16.812,0.3907121702737195
964,6.863,0.8403755113043216,16.814,0.38910666917954523
965,6.859,0.8385219138460246,16.816,0.3874841932259947
966,6.853,0.8350993952817831,16.817,0.38666652298847903
967,6.848,0.8312015399408257,16.817,0.38666652298847903
968,6.844,0.8292550874127936,16.82,0.38418745424597095
969,6.841,0.8280815177263648,16.822,0.38251274488570963
970,6.837,0.8248824158630126,16.822,0.38251274488570963
971,6.833,0.8265052933889776,16.824,0.380820167533181
972,6.829,0.8256869866965326,16.826,0.3791094828674165
973,6.825,0.824848470932692,16.827,0.3782472736187268
974,6.822,0.8223843383722724,16.829,0.3765089640367146
975,6.814,0.8206119667662665,16.829,0.3765089640367146
976,6.806,0.8150852716127314,16.83,0.375632799419859
977,6.797,0.8147336988243459,16.833,0.3729758705332022
978,6.793,0.8112650614934679,16.834,0.3720806364217305
979,6.788,0.8093552989880279,16.835,0.3711805490593493
980,6.784,0.8058188382012424,16.835,0.3711805490593493
981,6.778,0.8054290781937289,16.836,0.37027557305336795
982,6.774,0.8055581915665683,16.837,0.3693656724710623
983,6.77,0.8069076774947678,16.838,0.368450810828257
984,6.767,0.8054259742521345,16.839,0.36753095107759287
985,6.761,0.8036659753902737,16.839,0.36753095107759287
986,6.757,0.7999693744137959,16.839,0.36753095107759287
987,6.754,0.8009269629622914,16.841,0.36567608617463626
988,6.748,0.7940377824763757,16.843,0.3638007696528417
989,6.744,0.7914947883593422,16.844,0.3628553430776512
990,6.74,0.7876547467006086,16.845,0.36190468358395145
991,6.738,0.7882613779705308,16.847,0.35998749978297856
992,6.732,0.78624169311987,16.848,0.35902089075707005
993,6.728,0.781035210473894,16.849,0.3580488793447062
994,6.723,0.7786340603903738,16.85,0.35707142142714243
995,6.714,0.7760180410273979,16.85,0.35707142142714243
996,6.709,0.7735108273321064,16.85,0.35707142142714243
997,6.703,0.769929217525871,16.85,0.35707142142714243
998,6.698,0.7686325520038817,16.85,0.35707142142714243
999,6.697,0.7688894588951001,16.854,0.3531062163145815
1000,6.693,0.7686032786815316,16.855,0.352100837829165
1001,6.684,0.7656004179727177,16.856,0.351089732119867
1002,6.677,0.7633288937279918,16.856,0.351089732119867
1003,6.669,0.7638317877648193,16.857,0.3500728495613448
1004,6.663,0.7638265509917811,16.857,0.3500728495613448
1005,6.662,0.7640392660066626,16.859,0.3480215510568275
1006,6.659,0.7633603343113919,16.86,0.3469870314579494
1007,6.653,0.7619652223034855,16.861,0.3459465276599839
1008,6.653,0.7619652223034855,16.862,0.3448999855030441
1009,6.65,0.7625614729318548,16.862,0.3448999855030441
1010,6.645,0.7609040675407117,16.864,0.34278856457005685
1011,6.643,0.7612824705718635,16.866,0.3406523154185217
1012,6.638,0.7569385708232867,16.867,0.33957473404244903
1013,6.632,0.7566875180680597,16.869,0.3374003556607491
1014,6.629,0.7558829274431326,16.872,0.33408980828513757
1015,6.626,0.7537400082256481,16.872,0.33408980828513757
1016,6.621,0.7519035842446822,16.873,0.33297297187609687
1017,6.616,0.7473580132707481,16.874,0.33184936341659604
1018,6.613,0.7464790686951644,16.875,0.33071891388307384
1019,6.612,0.7439462346164541,16.877,0.32843720861071757
1020,6.61,0.7428997240543302,16.879,0.3261272757682191
1021,6.604,0.7383657630199277,16.881,0.3237885112229895
1022,6.601,0.7360699695001828,16.881,0.3237885112229895
1023,6.597,0.7338875935727488,16.883,0.3214202856074893
1024,6.595,0.7327857804297243,16.885,0.3190219428189854
1025,6.592,0.7331684663158938,16.886,0.317811264746862
1026,6.589,0.7321741596095835,16.886,0.317811264746862
1027,6.582,0.7288868224902959,16.886,0.317811264746862
1028,6.58,0.7277362159464101,16.887,0.3165927984019851
1029,6.577,0.7253075209867881,16.888,0.3153664535108324
1030,6.573,0.7215753598897345,16.89,0.31288975694324034
1031,6.567,0.7193823739847953,16.89,0.31288975694324034
1032,6.562,0.7142520563498574,16.891,0.3116392144772541
1033,6.56,0.7116178749862878,16.892,0.3103804117530615
1034,6.558,0.7089682644519429,16.893,0.30911324785586264
1035,6.553,0.7065345002192038,16.893,0.30911324785586264
1036,6.55,0.7053367989832943,16.893,0.30911324785586264
1037,6.548,0.7040568158891725,16.895,0.30655342111938655
1038,6.544,0.701472736462366,16.896,0.30526054445342266
1039,6.539,0.694607083177245,16.896,0.30526054445342266
1040,6.537,0.6947164889363143,16.897,0.3039588787977742
1041,6.534,0.6934291600444851,16.898,0.3026483107502832
1042,6.531,0.6906800996119694,16.898,0.3026483107502832
1043,6.527,0.6879469456288035,16.898,0.3026483107502832
1044,6.526,0.6879854649627418,16.9,0.29999999999999993
1045,6.52,0.6779380502671317,16.9,0.29999999999999993
1046,6.517,0.678019911212053,16.9,0.29999999999999993
1047,6.513,0.6751525753487132,16.9,0.29999999999999993
1048,6.506,0.670793559897529,16.903,0.29595776725742473
1049,6.503,0.6693212980325668,16.903,0.29595776725742473
1050,6.5,0.6693280212272604,16.904,0.2945912422323515
1051,6.496,0.6648187722981354,16.906,0.29182871688714934
1052,6.492,0.6647826712542979,16.907,0.2904324362050492
1053,6.49,0.663249575951617,16.908,0.289025950392002
1054,6.488,0.6632164051046988,16.91,0.2861817604250837
1055,6.484,0.6631319627344169,16.911,0.28474374444401757
1056,6.482,0.6630806889059582,16.913,0.2818350581457176
1057,6.48,0.6630233781700311,16.915,0.2788816953476868
1058,6.477,0.6583851456404526,16.915,0.2788816953476868
1059,6.472,0.6505505360846304,16.915,0.2788816953476868
1060,6.47,0.6504613747179766,16.915,0.2788816953476868
1061,6.47,0.6504613747179766,16.915,0.2788816953476868
1062,6.464,0.6486169902184185,16.916,0.27738781516137295
1063,6.46,0.6452906321960671,16.916,0.27738781516137295
1064,6.457,0.6450976670241492,16.916,0.27738781516137295
1065,6.454,0.6448906884116098,16.917,0.27588222124667616
1066,6.452,0.6447449107980613,16.918,0.27436472076416824
1067,6.451,0.6446696828609206,16.918,0.27436472076416824
1068,6.448,0.6444346359406825,16.92,0.2712931993250108
1069,6.442,0.6423674960643635,16.921,0.26973876250921
1070,6.428,0.6346778710495584,16.921,0.26973876250921
1071,6.42,0.6257795138864807,16.921,0.26973876250921
1072,6.417,0.6221824491256565,16.921,0.26973876250921
1073,6.413,0.6200249994959881,16.922,0.26817158686184484
1074,6.406,0.6157629413987171,16.923,0.26659144772479104
1075,6.403,0.6120383974882622,16.924,0.2649981132008302
1076,6.398,0.609586745262723,16.924,0.2649981132008302
1077,6.394,0.6089039333096806,16.925,0.26339134382131846
1078,6.389,0.6063654013876452,16.926,0.2617708921939183
1079,6.382,0.6033871062593235,16.926,0.2617708921939183
1080,6.377,0.6007253948352774,16.926,0.2617708921939183
1081,6.369,0.59231663829408,16.926,0.2617708921939183
1082,6.362,0.5873295497418805,16.927,0.26013650262890825
1083,6.359,0.5849093946928874,16.927,0.26013650262890825
1084,6.354,0.580244775935122,16.927,0.26013650262890825
1085,6.348,0.571748196324221,16.928,0.25848791074245614
1086,6.34,0.5660388679233962,16.929,0.2568248430350927
1087,6.337,0.5634101525531823,16.929,0.2568248430350927
1088,6.332,0.5601571208152227,16.93,0.25514701644346144
1089,6.327,0.5586331533305198,16.93,0.25514701644346144
1090,6.322,0.5516484387723761,16.93,0.25514701644346144
1091,6.315,0.5475171230199107,16.93,0.25514701644346144
1092,6.308,0.537713678457225,16.931,0.25345413786324344
1093,6.304,0.5362685894213831,16.932,0.251745903640953
1094,6.303,0.5359020432877635,16.932,0.251745903640953
1095,6.297,0.5317809699490949,16.933,0.2500219990320852
1096,6.29,0.5290557626564519,16.935,0.246525860712421
1097,6.286,0.5274504716084724,16.935,0.246525860712421
1098,6.279,0.5245560027299278,16.936,0.24475293665245368
1099,6.274,0.5205036022930101,16.938,0.24115555146004833
1100,6.27,0.5187484939737175,16.938,0.24115555146004833
1101,6.269,0.5183039648700365,16.938,0.24115555146004833
1102,6.266,0.5169564778586297,16.939,0.23933031567271207
1103,6.256,0.5064227483042205,16.939,0.23933031567271207
1104,6.251,0.5019950198956161,16.939,0.23933031567271207
1105,6.249,0.5009980039880398,16.94,0.23748684174075832
1106,6.246,0.4994837334688688,16.941,0.235624701591323
1107,6.237,0.49074535148078585,16.942,0.2337434491060659
1108,6.235,0.4896682550462098,16.944,0.22992172581119863
1109,6.233,0.48858059724061903,16.945,0.22798026230355994
1110,6.232,0.4880327857839062,16.946,0.22601769842204836
1111,6.229,0.4843129153759994,16.946,0.22601769842204836
1112,6.226,0.48262200530021426,16.947,0.22403347964087864
1113,6.22,0.4749736834815167,16.948,0.22202702538204666
1114,6.214,0.4692589903241066,16.95,0.21794494717703367
1115,6.213,0.4686480555811578,16.951,0.21586801523152985
1116,6.21,0.4667976006793523,16.951,0.21586801523152985
1117,6.208,0.4612331297727864,16.953,0.21163884331568247
1118,6.203,0.45802947503408564,16.954,0.20948508300115307
1119,6.201,0.454531627062408,16.955,0.2073041244162788
1120,6.197,0.4496565355913333,16.955,0.2073041244162788
1121,6.193,0.444692028262257,16.956,0.2050950998927083
1122,6.191,0.4433046356626558,16.956,0.2050950998927083
1123,6.188,0.4411983680840173,16.956,0.2050950998927083
1124,6.187,0.4404895004424056,16.958,0.2005891323078097
1125,6.182,0.43689357971936366,16.958,0.2005891323078097
1126,6.174,0.4262909804347261,16.959,0.19829019138626097
1127,6.171,0.42161475306255597,16.96,0.19595917942265426
1128,6.168,0.4144586831036358,16.961,0.19359493795035035
1129,6.161,0.40875298164050133,16.961,0.19359493795035035
1130,6.156,0.3995797792681707,16.961,0.19359493795035035
1131,6.153,0.39697732932750707,16.961,0.19359493795035035
1132,6.149,0.3934450406346482,16.962,0.19119623427254
1133,6.147,0.39165163091706895,16.963,0.18876175460087252
1134,6.139,0.3737365382191043,16.965,0.1837797594948911
1135,6.137,0.36909483876098836,16.966,0.18122913673027305
1136,6.133,0.36511778921328936,16.968,0.17600000000000002
1137,6.128,0.35723381698825774,16.969,0.17331762749357027
1138,6.118,0.34069928089152174,16.97,0.17058722109231983
1139,6.114,0.33317262792732544,16.972,0.1649727250184102
1140,6.111,0.32966498145844975,16.972,0.1649727250184102
1141,6.106,0.3236726741632664,16.973,0.16208331191088118
1142,6.104,0.32122266420662166,16.976,0.1530490117576719
1143,6.099,0.3149587274548841,16.978,0.14668333238647122
1144,6.094,0.3084866285594888,16.978,0.14668333238647122
1145,6.09,0.30315012782448236,16.979,0.14338409953687334
1146,6.086,0.2942855755894264,16.981,0.13652472303579305
1147,6.083,0.2900189648971253,16.981,0.13652472303579305
1148,6.081,0.287121925320934,16.982,0.132951118836962
1149,6.077,0.281195661417455,16.982,0.132951118836962
1150,6.074,0.27662971640805323,16.984,0.12547509713086497
1151,6.07,0.27037011669191546,16.985,0.12155245781143217
1152,6.066,0.2639014967748384,16.986,0.11749042514179613
1153,6.062,0.2532903472302093,16.987,0.11327400407860581
1154,6.058,0.24214871463627471,16.987,0.11327400407860581
1155,6.05,0.22248595461286985,16.988,0.1088852607105296
1156,6.044,0.2099142682144308,16.989,0.10430244484191156
1157,6.041,0.2032707553978191,16.992,0.08908422980528034
1158,6.036,0.19158288023724873,16.994,0.0772269383052313
1159,6.033,0.1841493958719387,16.995,0.07053367989832941
1160,6.023,0.1564320938938043,16.997,0.054690035655501276
1161,6.019,0.14366279963859818,16.998,0.044676615807377355
1162,6.015,0.1215524578114322,16.999,0.03160696125855822
1163,6.006,0.07722693830523131,16.999,0.03160696125855822
1164,6.003,0.054690035655501276,17.0,0.0
1165,6.0,0.0,17.0,0.0
