,Core genome (mean),Core genome (std),Pan genome (mean),Pan genome (std)
0,13.2,0.4,13.2,0.4
1,12.6,0.66332495807108,13.9,0.7000000000000001
2,12.4,0.4898979485566356,14.2,0.6
3,12.4,0.4898979485566356,14.6,0.6633249580710799
4,12.3,0.45825756949558394,14.8,0.6
5,12.1,0.3,15.2,0.4
6,12.1,0.3,15.3,0.45825756949558394
7,12.1,0.3,15.3,0.45825756949558394
8,12.0,0.0,15.6,0.4898979485566356
9,11.8,0.4,15.6,0.4898979485566356
10,11.8,0.4,15.6,0.4898979485566356
11,11.8,0.4,15.7,0.45825756949558405
12,11.8,0.4,15.7,0.45825756949558405
13,11.8,0.4,15.7,0.45825756949558405
14,11.7,0.45825756949558394,15.7,0.45825756949558405
15,11.7,0.45825756949558394,15.7,0.45825756949558405
16,11.7,0.45825756949558394,15.7,0.45825756949558405
17,11.5,0.6708203932499369,15.7,0.45825756949558405
18,11.5,0.6708203932499369,15.7,0.45825756949558405
19,11.5,0.6708203932499369,15.7,0.45825756949558405
20,11.5,0.6708203932499369,15.7,0.45825756949558405
21,11.5,0.6708203932499369,15.7,0.45825756949558405
22,11.5,0.6708203932499369,15.7,0.45825756949558405
23,11.5,0.6708203932499369,15.7,0.45825756949558405
24,11.5,0.6708203932499369,15.8,0.4
25,11.5,0.6708203932499369,15.8,0.4
26,11.5,0.6708203932499369,15.8,0.4
27,11.5,0.6708203932499369,15.8,0.4
28,11.5,0.6708203932499369,15.8,0.4
29,11.5,0.6708203932499369,15.8,0.4
30,11.5,0.6708203932499369,15.8,0.4
31,11.5,0.6708203932499369,15.8,0.4
32,11.5,0.6708203932499369,15.8,0.4
33,11.5,0.6708203932499369,15.8,0.4
34,11.5,0.6708203932499369,15.8,0.4
35,11.3,0.7810249675906655,15.8,0.4
36,11.3,0.7810249675906655,15.8,0.4
37,11.3,0.7810249675906655,15.8,0.4
38,11.3,0.7810249675906655,15.8,0.4
39,11.3,0.7810249675906655,15.8,0.4
40,11.3,0.7810249675906655,15.8,0.4
41,11.3,0.7810249675906655,15.8,0.4
42,11.3,0.7810249675906655,15.9,0.3
43,11.3,0.7810249675906655,15.9,0.3
44,11.3,0.7810249675906655,15.9,0.3
45,11.3,0.7810249675906655,15.9,0.3
46,11.3,0.7810249675906655,15.9,0.3
47,11.3,0.7810249675906655,15.9,0.3
48,11.3,0.7810249675906655,15.9,0.3
49,11.3,0.7810249675906655,15.9,0.3
50,11.3,0.7810249675906655,15.9,0.3
51,11.3,0.7810249675906655,15.9,0.3
52,11.3,0.7810249675906655,15.9,0.3
53,11.3,0.7810249675906655,15.9,0.3
54,11.3,0.7810249675906655,15.9,0.3
55,11.1,0.8306623862918076,16.0,0.4472135954999579
56,11.1,0.8306623862918076,16.0,0.4472135954999579
57,11.1,0.8306623862918076,16.0,0.4472135954999579
58,11.1,0.8306623862918076,16.0,0.4472135954999579
59,11.1,0.8306623862918076,16.0,0.4472135954999579
60,11.1,0.8306623862918076,16.0,0.4472135954999579
61,11.1,0.8306623862918076,16.0,0.4472135954999579
62,11.0,1.0,16.0,0.4472135954999579
63,11.0,1.0,16.0,0.4472135954999579
64,11.0,1.0,16.0,0.4472135954999579
65,11.0,1.0,16.0,0.4472135954999579
66,11.0,1.0,16.0,0.4472135954999579
67,11.0,1.0,16.0,0.4472135954999579
68,11.0,1.0,16.0,0.4472135954999579
69,11.0,1.0,16.0,0.4472135954999579
70,11.0,1.0,16.0,0.4472135954999579
71,11.0,1.0,16.0,0.4472135954999579
72,11.0,1.0,16.0,0.4472135954999579
73,11.0,1.0,16.0,0.4472135954999579
74,11.0,1.0,16.0,0.4472135954999579
75,11.0,1.0,16.0,0.4472135954999579
76,11.0,1.0,16.0,0.4472135954999579
77,11.0,1.0,16.0,0.4472135954999579
78,11.0,1.0,16.0,0.4472135954999579
79,11.0,1.0,16.0,0.4472135954999579
80,11.0,1.0,16.0,0.4472135954999579
81,11.0,1.0,16.0,0.4472135954999579
82,11.0,1.0,16.1,0.3
83,11.0,1.0,16.1,0.3
84,11.0,1.0,16.1,0.3
85,11.0,1.0,16.1,0.3
86,11.0,1.0,16.1,0.3
87,11.0,1.0,16.1,0.3
88,10.8,1.32664991614216,16.1,0.3
89,10.8,1.32664991614216,16.1,0.3
90,10.8,1.32664991614216,16.1,0.3
91,10.8,1.32664991614216,16.1,0.3
92,10.7,1.2688577540449522,16.1,0.3
93,10.7,1.2688577540449522,16.1,0.3
94,10.7,1.2688577540449522,16.1,0.3
95,10.7,1.2688577540449522,16.1,0.3
96,10.7,1.2688577540449522,16.1,0.3
97,10.7,1.2688577540449522,16.1,0.3
98,10.7,1.2688577540449522,16.1,0.3
99,10.7,1.2688577540449522,16.1,0.3
100,10.7,1.2688577540449522,16.1,0.3
101,10.7,1.2688577540449522,16.1,0.3
102,10.7,1.2688577540449522,16.1,0.3
103,10.7,1.2688577540449522,16.1,0.3
104,10.7,1.2688577540449522,16.1,0.3
105,10.7,1.2688577540449522,16.1,0.3
106,10.7,1.2688577540449522,16.1,0.3
107,10.7,1.2688577540449522,16.1,0.3
108,10.7,1.2688577540449522,16.2,0.39999999999999997
109,10.7,1.2688577540449522,16.2,0.39999999999999997
110,10.7,1.2688577540449522,16.2,0.39999999999999997
111,10.7,1.2688577540449522,16.2,0.39999999999999997
112,10.7,1.2688577540449522,16.2,0.39999999999999997
113,10.7,1.2688577540449522,16.3,0.45825756949558405
114,10.7,1.2688577540449522,16.3,0.45825756949558405
115,10.7,1.2688577540449522,16.3,0.45825756949558405
116,10.7,1.2688577540449522,16.3,0.45825756949558405
117,10.5,1.2041594578792296,16.3,0.45825756949558405
118,10.5,1.2041594578792296,16.3,0.45825756949558405
119,10.5,1.2041594578792296,16.3,0.45825756949558405
120,10.5,1.2041594578792296,16.3,0.45825756949558405
121,10.5,1.2041594578792296,16.3,0.45825756949558405
122,10.5,1.2041594578792296,16.3,0.45825756949558405
123,10.5,1.2041594578792296,16.3,0.45825756949558405
124,10.5,1.2041594578792296,16.3,0.45825756949558405
125,10.5,1.2041594578792296,16.3,0.45825756949558405
126,10.5,1.2041594578792296,16.3,0.45825756949558405
127,10.5,1.2041594578792296,16.3,0.45825756949558405
128,10.5,1.2041594578792296,16.3,0.45825756949558405
129,10.5,1.2041594578792296,16.3,0.45825756949558405
130,10.5,1.2041594578792296,16.3,0.45825756949558405
131,10.4,1.2,16.3,0.45825756949558405
132,10.4,1.2,16.3,0.45825756949558405
133,10.4,1.2,16.3,0.45825756949558405
134,10.4,1.2,16.3,0.45825756949558405
135,10.4,1.2,16.3,0.45825756949558405
136,10.4,1.2,16.3,0.45825756949558405
137,10.4,1.2,16.3,0.45825756949558405
138,10.4,1.2,16.3,0.45825756949558405
139,10.4,1.2,16.3,0.45825756949558405
140,10.4,1.2,16.3,0.45825756949558405
141,10.4,1.2,16.3,0.45825756949558405
142,10.4,1.2,16.3,0.45825756949558405
143,10.4,1.2,16.3,0.45825756949558405
144,10.4,1.2,16.3,0.45825756949558405
145,10.4,1.2,16.3,0.45825756949558405
146,10.4,1.2,16.3,0.45825756949558405
147,10.4,1.2,16.3,0.45825756949558405
148,10.4,1.2,16.3,0.45825756949558405
149,10.4,1.2,16.3,0.45825756949558405
150,10.4,1.2,16.3,0.45825756949558405
151,10.4,1.2,16.3,0.45825756949558405
152,10.4,1.2,16.3,0.45825756949558405
153,10.4,1.2,16.3,0.45825756949558405
154,10.4,1.2,16.3,0.45825756949558405
155,10.4,1.2,16.3,0.45825756949558405
156,10.4,1.2,16.3,0.45825756949558405
157,10.4,1.2,16.3,0.45825756949558405
158,10.4,1.2,16.3,0.45825756949558405
159,10.4,1.2,16.3,0.45825756949558405
160,10.4,1.2,16.3,0.45825756949558405
161,10.4,1.2,16.3,0.45825756949558405
162,10.4,1.2,16.3,0.45825756949558405
163,10.4,1.2,16.3,0.45825756949558405
164,10.4,1.2,16.3,0.45825756949558405
165,10.4,1.2,16.3,0.45825756949558405
166,10.4,1.2,16.3,0.45825756949558405
167,10.3,1.1874342087037917,16.3,0.45825756949558405
168,10.3,1.1874342087037917,16.3,0.45825756949558405
169,10.3,1.1874342087037917,16.3,0.45825756949558405
170,10.3,1.1874342087037917,16.3,0.45825756949558405
171,10.3,1.1874342087037917,16.3,0.45825756949558405
172,10.3,1.1874342087037917,16.3,0.45825756949558405
173,10.3,1.1874342087037917,16.3,0.45825756949558405
174,10.3,1.1874342087037917,16.3,0.45825756949558405
175,10.3,1.1874342087037917,16.3,0.45825756949558405
176,10.3,1.1874342087037917,16.3,0.45825756949558405
177,10.3,1.1874342087037917,16.3,0.45825756949558405
178,10.3,1.1874342087037917,16.3,0.45825756949558405
179,10.3,1.1874342087037917,16.3,0.45825756949558405
180,10.3,1.1874342087037917,16.3,0.45825756949558405
181,10.3,1.1874342087037917,16.3,0.45825756949558405
182,10.3,1.1874342087037917,16.3,0.45825756949558405
183,10.3,1.1874342087037917,16.3,0.45825756949558405
184,10.3,1.1874342087037917,16.3,0.45825756949558405
185,10.3,1.1874342087037917,16.3,0.45825756949558405
186,10.3,1.1874342087037917,16.3,0.45825756949558405
187,10.3,1.1874342087037917,16.3,0.45825756949558405
188,10.3,1.1874342087037917,16.3,0.45825756949558405
189,10.3,1.1874342087037917,16.3,0.45825756949558405
190,10.1,1.044030650891055,16.3,0.45825756949558405
191,10.1,1.044030650891055,16.3,0.45825756949558405
192,10.1,1.044030650891055,16.3,0.45825756949558405
193,10.1,1.044030650891055,16.3,0.45825756949558405
194,10.1,1.044030650891055,16.3,0.45825756949558405
195,10.1,1.044030650891055,16.3,0.45825756949558405
196,10.1,1.044030650891055,16.3,0.45825756949558405
197,10.1,1.044030650891055,16.3,0.45825756949558405
198,10.1,1.044030650891055,16.3,0.45825756949558405
199,10.1,1.044030650891055,16.3,0.45825756949558405
200,10.1,1.044030650891055,16.3,0.45825756949558405
201,10.1,1.044030650891055,16.3,0.45825756949558405
202,10.1,1.044030650891055,16.3,0.45825756949558405
203,10.1,1.044030650891055,16.3,0.45825756949558405
204,10.0,0.8944271909999159,16.3,0.45825756949558405
205,10.0,0.8944271909999159,16.3,0.45825756949558405
206,10.0,0.8944271909999159,16.3,0.45825756949558405
207,10.0,0.8944271909999159,16.3,0.45825756949558405
208,10.0,0.8944271909999159,16.3,0.45825756949558405
209,10.0,0.8944271909999159,16.3,0.45825756949558405
210,10.0,0.8944271909999159,16.3,0.45825756949558405
211,10.0,0.8944271909999159,16.3,0.45825756949558405
212,10.0,0.8944271909999159,16.3,0.45825756949558405
213,10.0,0.8944271909999159,16.3,0.45825756949558405
214,10.0,0.8944271909999159,16.3,0.45825756949558405
215,10.0,0.8944271909999159,16.3,0.45825756949558405
216,10.0,0.8944271909999159,16.3,0.45825756949558405
217,10.0,0.8944271909999159,16.3,0.45825756949558405
218,10.0,0.8944271909999159,16.3,0.45825756949558405
219,10.0,0.8944271909999159,16.3,0.45825756949558405
220,10.0,0.8944271909999159,16.3,0.45825756949558405
221,10.0,0.8944271909999159,16.3,0.45825756949558405
222,10.0,0.8944271909999159,16.3,0.45825756949558405
223,10.0,0.8944271909999159,16.3,0.45825756949558405
224,10.0,0.8944271909999159,16.3,0.45825756949558405
225,10.0,0.8944271909999159,16.3,0.45825756949558405
226,10.0,0.8944271909999159,16.3,0.45825756949558405
227,9.9,0.9433981132056604,16.3,0.45825756949558405
228,9.9,0.9433981132056604,16.3,0.45825756949558405
229,9.9,0.9433981132056604,16.3,0.45825756949558405
230,9.9,0.9433981132056604,16.3,0.45825756949558405
231,9.9,0.9433981132056604,16.3,0.45825756949558405
232,9.9,0.9433981132056604,16.3,0.45825756949558405
233,9.9,0.9433981132056604,16.3,0.45825756949558405
234,9.9,0.9433981132056604,16.3,0.45825756949558405
235,9.9,0.9433981132056604,16.3,0.45825756949558405
236,9.9,0.9433981132056604,16.3,0.45825756949558405
237,9.9,0.9433981132056604,16.3,0.45825756949558405
238,9.9,0.9433981132056604,16.3,0.45825756949558405
239,9.9,0.9433981132056604,16.3,0.45825756949558405
240,9.9,0.9433981132056604,16.3,0.45825756949558405
241,9.8,0.8717797887081347,16.3,0.45825756949558405
242,9.8,0.8717797887081347,16.3,0.45825756949558405
243,9.8,0.8717797887081347,16.3,0.45825756949558405
244,9.8,0.8717797887081347,16.3,0.45825756949558405
245,9.8,0.8717797887081347,16.3,0.45825756949558405
246,9.8,0.8717797887081347,16.3,0.45825756949558405
247,9.8,0.8717797887081347,16.3,0.45825756949558405
248,9.7,0.7810249675906655,16.3,0.45825756949558405
249,9.7,0.7810249675906655,16.3,0.45825756949558405
250,9.7,0.7810249675906655,16.3,0.45825756949558405
251,9.6,0.6633249580710799,16.3,0.45825756949558405
252,9.6,0.6633249580710799,16.3,0.45825756949558405
253,9.6,0.6633249580710799,16.3,0.45825756949558405
254,9.6,0.6633249580710799,16.3,0.45825756949558405
255,9.5,0.6708203932499369,16.3,0.45825756949558405
256,9.5,0.6708203932499369,16.3,0.45825756949558405
257,9.5,0.6708203932499369,16.3,0.45825756949558405
258,9.5,0.6708203932499369,16.3,0.45825756949558405
259,9.5,0.6708203932499369,16.3,0.45825756949558405
260,9.5,0.6708203932499369,16.3,0.45825756949558405
261,9.5,0.6708203932499369,16.3,0.45825756949558405
262,9.5,0.6708203932499369,16.3,0.45825756949558405
263,9.5,0.6708203932499369,16.3,0.45825756949558405
264,9.5,0.6708203932499369,16.3,0.45825756949558405
265,9.5,0.6708203932499369,16.3,0.45825756949558405
266,9.5,0.6708203932499369,16.3,0.45825756949558405
267,9.5,0.6708203932499369,16.3,0.45825756949558405
268,9.5,0.6708203932499369,16.3,0.45825756949558405
269,9.5,0.6708203932499369,16.3,0.45825756949558405
270,9.5,0.6708203932499369,16.3,0.45825756949558405
271,9.5,0.6708203932499369,16.3,0.45825756949558405
272,9.5,0.6708203932499369,16.3,0.45825756949558405
273,9.5,0.6708203932499369,16.3,0.45825756949558405
274,9.5,0.6708203932499369,16.3,0.45825756949558405
275,9.5,0.6708203932499369,16.3,0.45825756949558405
276,9.5,0.6708203932499369,16.3,0.45825756949558405
277,9.5,0.6708203932499369,16.3,0.45825756949558405
278,9.5,0.6708203932499369,16.3,0.45825756949558405
279,9.5,0.6708203932499369,16.3,0.45825756949558405
280,9.5,0.6708203932499369,16.3,0.45825756949558405
281,9.5,0.6708203932499369,16.3,0.45825756949558405
282,9.5,0.6708203932499369,16.3,0.45825756949558405
283,9.5,0.6708203932499369,16.3,0.45825756949558405
284,9.5,0.6708203932499369,16.3,0.45825756949558405
285,9.5,0.6708203932499369,16.3,0.45825756949558405
286,9.5,0.6708203932499369,16.3,0.45825756949558405
287,9.5,0.6708203932499369,16.3,0.45825756949558405
288,9.5,0.6708203932499369,16.3,0.45825756949558405
289,9.5,0.6708203932499369,16.3,0.45825756949558405
290,9.4,0.8,16.3,0.45825756949558405
291,9.4,0.8,16.3,0.45825756949558405
292,9.4,0.8,16.3,0.45825756949558405
293,9.4,0.8,16.3,0.45825756949558405
294,9.4,0.8,16.3,0.45825756949558405
295,9.4,0.8,16.3,0.45825756949558405
296,9.4,0.8,16.3,0.45825756949558405
297,9.4,0.8,16.3,0.45825756949558405
298,9.4,0.8,16.3,0.45825756949558405
299,9.4,0.8,16.3,0.45825756949558405
300,9.4,0.8,16.3,0.45825756949558405
301,9.4,0.8,16.3,0.45825756949558405
302,9.4,0.8,16.3,0.45825756949558405
303,9.4,0.8,16.3,0.45825756949558405
304,9.4,0.8,16.3,0.45825756949558405
305,9.4,0.8,16.3,0.45825756949558405
306,9.4,0.8,16.3,0.45825756949558405
307,9.4,0.8,16.3,0.45825756949558405
308,9.4,0.8,16.3,0.45825756949558405
309,9.4,0.8,16.3,0.45825756949558405
310,9.4,0.8,16.3,0.45825756949558405
311,9.4,0.8,16.3,0.45825756949558405
312,9.4,0.8,16.3,0.45825756949558405
313,9.4,0.8,16.3,0.45825756949558405
314,9.4,0.8,16.3,0.45825756949558405
315,9.4,0.8,16.3,0.45825756949558405
316,9.4,0.8,16.3,0.45825756949558405
317,9.4,0.8,16.3,0.45825756949558405
318,9.4,0.8,16.3,0.45825756949558405
319,9.4,0.8,16.3,0.45825756949558405
320,9.4,0.8,16.3,0.45825756949558405
321,9.4,0.8,16.3,0.45825756949558405
322,9.4,0.8,16.3,0.45825756949558405
323,9.4,0.8,16.3,0.45825756949558405
324,9.4,0.8,16.3,0.45825756949558405
325,9.4,0.8,16.3,0.45825756949558405
326,9.4,0.8,16.3,0.45825756949558405
327,9.3,0.9,16.3,0.45825756949558405
328,9.3,0.9,16.3,0.45825756949558405
329,9.3,0.9,16.3,0.45825756949558405
330,9.3,0.9,16.3,0.45825756949558405
331,9.3,0.9,16.3,0.45825756949558405
332,9.3,0.9,16.3,0.45825756949558405
333,9.3,0.9,16.3,0.45825756949558405
334,9.3,0.9,16.3,0.45825756949558405
335,9.3,0.9,16.3,0.45825756949558405
336,9.3,0.9,16.3,0.45825756949558405
337,9.3,0.9,16.3,0.45825756949558405
338,9.3,0.9,16.3,0.45825756949558405
339,9.3,0.9,16.3,0.45825756949558405
340,9.3,0.9,16.4,0.4898979485566356
341,9.3,0.9,16.4,0.4898979485566356
342,9.3,0.9,16.4,0.4898979485566356
343,9.3,0.9,16.4,0.4898979485566356
344,9.3,0.9,16.4,0.4898979485566356
345,9.3,0.9,16.4,0.4898979485566356
346,9.3,0.9,16.4,0.4898979485566356
347,9.3,0.9,16.4,0.4898979485566356
348,9.3,0.9,16.4,0.4898979485566356
349,9.3,0.9,16.4,0.4898979485566356
350,9.3,0.9,16.4,0.4898979485566356
351,9.3,0.9,16.4,0.4898979485566356
352,9.3,0.9,16.4,0.4898979485566356
353,9.3,0.9,16.4,0.4898979485566356
354,9.3,0.9,16.4,0.4898979485566356
355,9.3,0.9,16.4,0.4898979485566356
356,9.2,0.8717797887081348,16.4,0.4898979485566356
357,9.2,0.8717797887081348,16.4,0.4898979485566356
358,9.2,0.8717797887081348,16.4,0.4898979485566356
359,9.2,0.8717797887081348,16.4,0.4898979485566356
360,9.2,0.8717797887081348,16.4,0.4898979485566356
361,9.2,0.8717797887081348,16.4,0.4898979485566356
362,9.2,0.8717797887081348,16.4,0.4898979485566356
363,9.2,0.8717797887081348,16.4,0.4898979485566356
364,9.2,0.8717797887081348,16.4,0.4898979485566356
365,9.2,0.8717797887081348,16.4,0.4898979485566356
366,9.2,0.8717797887081348,16.4,0.4898979485566356
367,9.2,0.8717797887081348,16.4,0.4898979485566356
368,9.2,0.8717797887081348,16.4,0.4898979485566356
369,9.1,0.8306623862918076,16.4,0.4898979485566356
370,9.1,0.8306623862918076,16.4,0.4898979485566356
371,9.1,0.8306623862918076,16.4,0.4898979485566356
372,9.1,0.8306623862918076,16.4,0.4898979485566356
373,9.1,0.8306623862918076,16.4,0.4898979485566356
374,9.1,0.8306623862918076,16.4,0.4898979485566356
375,9.1,0.8306623862918076,16.4,0.4898979485566356
376,9.1,0.8306623862918076,16.4,0.4898979485566356
377,9.1,0.8306623862918076,16.4,0.4898979485566356
378,9.1,0.8306623862918076,16.4,0.4898979485566356
379,9.1,0.8306623862918076,16.4,0.4898979485566356
380,9.1,0.8306623862918076,16.4,0.4898979485566356
381,9.1,0.8306623862918076,16.4,0.4898979485566356
382,9.1,0.8306623862918076,16.4,0.4898979485566356
383,9.1,0.8306623862918076,16.4,0.4898979485566356
384,9.1,0.8306623862918076,16.4,0.4898979485566356
385,9.1,0.8306623862918076,16.4,0.4898979485566356
386,9.1,0.8306623862918076,16.4,0.4898979485566356
387,9.1,0.8306623862918076,16.4,0.4898979485566356
388,9.1,0.8306623862918076,16.4,0.4898979485566356
389,9.1,0.8306623862918076,16.4,0.4898979485566356
390,9.1,0.8306623862918076,16.4,0.4898979485566356
391,9.1,0.8306623862918076,16.4,0.4898979485566356
392,9.1,0.8306623862918076,16.4,0.4898979485566356
393,9.1,0.8306623862918076,16.4,0.4898979485566356
394,9.1,0.8306623862918076,16.4,0.4898979485566356
395,9.1,0.8306623862918076,16.4,0.4898979485566356
396,9.1,0.8306623862918076,16.4,0.4898979485566356
397,9.1,0.8306623862918076,16.4,0.4898979485566356
398,9.1,0.8306623862918076,16.4,0.4898979485566356
399,9.1,0.8306623862918076,16.4,0.4898979485566356
400,9.1,0.8306623862918076,16.4,0.4898979485566356
401,9.1,0.8306623862918076,16.4,0.4898979485566356
402,9.1,0.8306623862918076,16.4,0.4898979485566356
403,9.1,0.8306623862918076,16.4,0.4898979485566356
404,9.1,0.8306623862918076,16.4,0.4898979485566356
405,9.1,0.8306623862918076,16.4,0.4898979485566356
406,9.1,0.8306623862918076,16.4,0.4898979485566356
407,9.0,0.7745966692414834,16.4,0.4898979485566356
408,9.0,0.7745966692414834,16.4,0.4898979485566356
409,9.0,0.7745966692414834,16.4,0.4898979485566356
410,9.0,0.7745966692414834,16.4,0.4898979485566356
411,9.0,0.7745966692414834,16.4,0.4898979485566356
412,9.0,0.7745966692414834,16.4,0.4898979485566356
413,9.0,0.7745966692414834,16.4,0.4898979485566356
414,9.0,0.7745966692414834,16.4,0.4898979485566356
415,9.0,0.7745966692414834,16.4,0.4898979485566356
416,9.0,0.7745966692414834,16.4,0.4898979485566356
417,9.0,0.7745966692414834,16.4,0.4898979485566356
418,9.0,0.7745966692414834,16.4,0.4898979485566356
419,9.0,0.7745966692414834,16.4,0.4898979485566356
420,9.0,0.7745966692414834,16.4,0.4898979485566356
421,9.0,0.7745966692414834,16.4,0.4898979485566356
422,9.0,0.7745966692414834,16.4,0.4898979485566356
423,9.0,0.7745966692414834,16.4,0.4898979485566356
424,8.9,0.9433981132056604,16.4,0.4898979485566356
425,8.9,0.9433981132056604,16.4,0.4898979485566356
426,8.9,0.9433981132056604,16.4,0.4898979485566356
427,8.9,0.9433981132056604,16.4,0.4898979485566356
428,8.9,0.9433981132056604,16.4,0.4898979485566356
429,8.9,0.9433981132056604,16.4,0.4898979485566356
430,8.9,0.9433981132056604,16.4,0.4898979485566356
431,8.9,0.9433981132056604,16.4,0.4898979485566356
432,8.9,0.9433981132056604,16.4,0.4898979485566356
433,8.9,0.9433981132056604,16.4,0.4898979485566356
434,8.9,0.9433981132056604,16.4,0.4898979485566356
435,8.9,0.9433981132056604,16.4,0.4898979485566356
436,8.9,0.9433981132056604,16.4,0.4898979485566356
437,8.9,0.9433981132056604,16.4,0.4898979485566356
438,8.9,0.9433981132056604,16.4,0.4898979485566356
439,8.9,0.9433981132056604,16.4,0.4898979485566356
440,8.9,0.9433981132056604,16.4,0.4898979485566356
441,8.9,0.9433981132056604,16.4,0.4898979485566356
442,8.9,0.9433981132056604,16.4,0.4898979485566356
443,8.9,0.9433981132056604,16.4,0.4898979485566356
444,8.8,0.9797958971132711,16.4,0.4898979485566356
445,8.8,0.9797958971132711,16.4,0.4898979485566356
446,8.8,0.9797958971132711,16.4,0.4898979485566356
447,8.8,0.9797958971132711,16.4,0.4898979485566356
448,8.8,0.9797958971132711,16.4,0.4898979485566356
449,8.8,0.9797958971132711,16.4,0.4898979485566356
450,8.8,0.9797958971132711,16.4,0.4898979485566356
451,8.8,0.9797958971132711,16.4,0.4898979485566356
452,8.8,0.9797958971132711,16.4,0.4898979485566356
453,8.8,0.9797958971132711,16.4,0.4898979485566356
454,8.8,0.9797958971132711,16.4,0.4898979485566356
455,8.8,0.9797958971132711,16.4,0.4898979485566356
456,8.8,0.9797958971132711,16.4,0.4898979485566356
457,8.8,0.9797958971132711,16.4,0.4898979485566356
458,8.8,0.9797958971132711,16.4,0.4898979485566356
459,8.8,0.9797958971132711,16.4,0.4898979485566356
460,8.7,1.004987562112089,16.4,0.4898979485566356
461,8.7,1.004987562112089,16.4,0.4898979485566356
462,8.7,1.004987562112089,16.4,0.4898979485566356
463,8.7,1.004987562112089,16.4,0.4898979485566356
464,8.7,1.004987562112089,16.4,0.4898979485566356
465,8.7,1.004987562112089,16.4,0.4898979485566356
466,8.7,1.004987562112089,16.4,0.4898979485566356
467,8.7,1.004987562112089,16.4,0.4898979485566356
468,8.7,1.004987562112089,16.4,0.4898979485566356
469,8.7,1.004987562112089,16.4,0.4898979485566356
470,8.7,1.004987562112089,16.4,0.4898979485566356
471,8.7,1.004987562112089,16.4,0.4898979485566356
472,8.7,1.004987562112089,16.4,0.4898979485566356
473,8.7,1.004987562112089,16.4,0.4898979485566356
474,8.7,1.004987562112089,16.4,0.4898979485566356
475,8.7,1.004987562112089,16.4,0.4898979485566356
476,8.7,1.004987562112089,16.4,0.4898979485566356
477,8.7,1.004987562112089,16.4,0.4898979485566356
478,8.7,1.004987562112089,16.4,0.4898979485566356
479,8.7,1.004987562112089,16.4,0.4898979485566356
480,8.7,1.004987562112089,16.4,0.4898979485566356
481,8.7,1.004987562112089,16.4,0.4898979485566356
482,8.7,1.004987562112089,16.4,0.4898979485566356
483,8.7,1.004987562112089,16.4,0.4898979485566356
484,8.7,1.004987562112089,16.4,0.4898979485566356
485,8.7,1.004987562112089,16.4,0.4898979485566356
486,8.7,1.004987562112089,16.4,0.4898979485566356
487,8.7,1.004987562112089,16.4,0.4898979485566356
488,8.7,1.004987562112089,16.4,0.4898979485566356
489,8.7,1.004987562112089,16.4,0.4898979485566356
490,8.7,1.004987562112089,16.4,0.4898979485566356
491,8.6,1.0198039027185568,16.4,0.4898979485566356
492,8.6,1.0198039027185568,16.4,0.4898979485566356
493,8.6,1.0198039027185568,16.4,0.4898979485566356
494,8.6,1.0198039027185568,16.4,0.4898979485566356
495,8.6,1.0198039027185568,16.4,0.4898979485566356
496,8.6,1.0198039027185568,16.4,0.4898979485566356
497,8.6,1.0198039027185568,16.4,0.4898979485566356
498,8.6,1.0198039027185568,16.4,0.4898979485566356
499,8.6,1.0198039027185568,16.4,0.4898979485566356
500,8.6,1.0198039027185568,16.4,0.4898979485566356
501,8.6,1.0198039027185568,16.4,0.4898979485566356
502,8.6,1.0198039027185568,16.4,0.4898979485566356
503,8.6,1.0198039027185568,16.4,0.4898979485566356
504,8.6,1.0198039027185568,16.4,0.4898979485566356
505,8.6,1.0198039027185568,16.4,0.4898979485566356
506,8.6,1.0198039027185568,16.4,0.4898979485566356
507,8.6,1.0198039027185568,16.4,0.4898979485566356
508,8.6,1.0198039027185568,16.4,0.4898979485566356
509,8.6,1.0198039027185568,16.4,0.4898979485566356
510,8.6,1.0198039027185568,16.4,0.4898979485566356
511,8.6,1.0198039027185568,16.4,0.4898979485566356
512,8.6,1.0198039027185568,16.4,0.4898979485566356
513,8.6,1.0198039027185568,16.4,0.4898979485566356
514,8.6,1.0198039027185568,16.4,0.4898979485566356
515,8.6,1.0198039027185568,16.4,0.4898979485566356
516,8.6,1.0198039027185568,16.4,0.4898979485566356
517,8.6,1.0198039027185568,16.4,0.4898979485566356
518,8.6,1.0198039027185568,16.4,0.4898979485566356
519,8.6,1.0198039027185568,16.4,0.4898979485566356
520,8.6,1.0198039027185568,16.4,0.4898979485566356
521,8.6,1.0198039027185568,16.4,0.4898979485566356
522,8.6,1.0198039027185568,16.4,0.4898979485566356
523,8.6,1.0198039027185568,16.4,0.4898979485566356
524,8.6,1.0198039027185568,16.4,0.4898979485566356
525,8.6,1.0198039027185568,16.4,0.4898979485566356
526,8.6,1.0198039027185568,16.4,0.4898979485566356
527,8.6,1.0198039027185568,16.4,0.4898979485566356
528,8.6,1.0198039027185568,16.4,0.4898979485566356
529,8.6,1.0198039027185568,16.4,0.4898979485566356
530,8.6,1.0198039027185568,16.4,0.4898979485566356
531,8.6,1.0198039027185568,16.5,0.5
532,8.6,1.0198039027185568,16.5,0.5
533,8.6,1.0198039027185568,16.5,0.5
534,8.6,1.0198039027185568,16.5,0.5
535,8.6,1.0198039027185568,16.5,0.5
536,8.5,1.118033988749895,16.5,0.5
537,8.5,1.118033988749895,16.6,0.4898979485566356
538,8.5,1.118033988749895,16.6,0.4898979485566356
539,8.5,1.118033988749895,16.6,0.4898979485566356
540,8.5,1.118033988749895,16.6,0.4898979485566356
541,8.5,1.118033988749895,16.6,0.4898979485566356
542,8.5,1.118033988749895,16.6,0.4898979485566356
543,8.5,1.118033988749895,16.6,0.4898979485566356
544,8.5,1.118033988749895,16.6,0.4898979485566356
545,8.5,1.118033988749895,16.6,0.4898979485566356
546,8.5,1.118033988749895,16.6,0.4898979485566356
547,8.5,1.118033988749895,16.6,0.4898979485566356
548,8.5,1.118033988749895,16.6,0.4898979485566356
549,8.5,1.118033988749895,16.6,0.4898979485566356
550,8.5,1.118033988749895,16.6,0.4898979485566356
551,8.5,1.118033988749895,16.6,0.4898979485566356
552,8.5,1.118033988749895,16.6,0.4898979485566356
553,8.5,1.118033988749895,16.6,0.4898979485566356
554,8.5,1.118033988749895,16.6,0.4898979485566356
555,8.5,1.118033988749895,16.7,0.45825756949558394
556,8.5,1.118033988749895,16.7,0.45825756949558394
557,8.5,1.118033988749895,16.7,0.45825756949558394
558,8.5,1.118033988749895,16.7,0.45825756949558394
559,8.5,1.118033988749895,16.7,0.45825756949558394
560,8.5,1.118033988749895,16.7,0.45825756949558394
561,8.5,1.118033988749895,16.7,0.45825756949558394
562,8.5,1.118033988749895,16.7,0.45825756949558394
563,8.5,1.118033988749895,16.7,0.45825756949558394
564,8.5,1.118033988749895,16.7,0.45825756949558394
565,8.5,1.118033988749895,16.7,0.45825756949558394
566,8.5,1.118033988749895,16.7,0.45825756949558394
567,8.5,1.118033988749895,16.7,0.45825756949558394
568,8.5,1.118033988749895,16.7,0.45825756949558394
569,8.5,1.118033988749895,16.7,0.45825756949558394
570,8.4,1.2,16.7,0.45825756949558394
571,8.4,1.2,16.7,0.45825756949558394
572,8.4,1.2,16.7,0.45825756949558394
573,8.4,1.2,16.7,0.45825756949558394
574,8.4,1.2,16.7,0.45825756949558394
575,8.4,1.2,16.7,0.45825756949558394
576,8.4,1.2,16.7,0.45825756949558394
577,8.4,1.2,16.7,0.45825756949558394
578,8.4,1.2,16.7,0.45825756949558394
579,8.4,1.2,16.7,0.45825756949558394
580,8.4,1.2,16.7,0.45825756949558394
581,8.4,1.2,16.7,0.45825756949558394
582,8.4,1.2,16.7,0.45825756949558394
583,8.4,1.2,16.7,0.45825756949558394
584,8.4,1.2,16.7,0.45825756949558394
585,8.4,1.2,16.7,0.45825756949558394
586,8.4,1.2,16.7,0.45825756949558394
587,8.4,1.2,16.7,0.45825756949558394
588,8.4,1.2,16.7,0.45825756949558394
589,8.4,1.2,16.7,0.45825756949558394
590,8.4,1.2,16.7,0.45825756949558394
591,8.4,1.2,16.7,0.45825756949558394
592,8.4,1.2,16.7,0.45825756949558394
593,8.4,1.2,16.7,0.45825756949558394
594,8.4,1.2,16.7,0.45825756949558394
595,8.4,1.2,16.7,0.45825756949558394
596,8.4,1.2,16.7,0.45825756949558394
597,8.4,1.2,16.7,0.45825756949558394
598,8.4,1.2,16.7,0.45825756949558394
599,8.4,1.2,16.7,0.45825756949558394
600,8.4,1.2,16.7,0.45825756949558394
601,8.3,1.268857754044952,16.7,0.45825756949558394
602,8.3,1.268857754044952,16.7,0.45825756949558394
603,8.3,1.268857754044952,16.7,0.45825756949558394
604,8.3,1.268857754044952,16.7,0.45825756949558394
605,8.3,1.268857754044952,16.7,0.45825756949558394
606,8.3,1.268857754044952,16.7,0.45825756949558394
607,8.3,1.268857754044952,16.7,0.45825756949558394
608,8.3,1.268857754044952,16.7,0.45825756949558394
609,8.3,1.268857754044952,16.7,0.45825756949558394
610,8.3,1.268857754044952,16.7,0.45825756949558394
611,8.3,1.268857754044952,16.7,0.45825756949558394
612,8.3,1.268857754044952,16.7,0.45825756949558394
613,8.3,1.268857754044952,16.7,0.45825756949558394
614,8.3,1.268857754044952,16.7,0.45825756949558394
615,8.3,1.268857754044952,16.7,0.45825756949558394
616,8.3,1.268857754044952,16.7,0.45825756949558394
617,8.2,1.4000000000000001,16.7,0.45825756949558394
618,8.2,1.4000000000000001,16.7,0.45825756949558394
619,8.2,1.4000000000000001,16.7,0.45825756949558394
620,8.2,1.4000000000000001,16.7,0.45825756949558394
621,8.2,1.4000000000000001,16.7,0.45825756949558394
622,8.2,1.4000000000000001,16.7,0.45825756949558394
623,8.2,1.4000000000000001,16.7,0.45825756949558394
624,8.2,1.4000000000000001,16.7,0.45825756949558394
625,8.2,1.4000000000000001,16.7,0.45825756949558394
626,8.2,1.4000000000000001,16.7,0.45825756949558394
627,8.2,1.4000000000000001,16.7,0.45825756949558394
628,8.2,1.4000000000000001,16.7,0.45825756949558394
629,8.2,1.4000000000000001,16.7,0.45825756949558394
630,8.2,1.4000000000000001,16.7,0.45825756949558394
631,8.2,1.4000000000000001,16.7,0.45825756949558394
632,8.2,1.4000000000000001,16.7,0.45825756949558394
633,8.2,1.4000000000000001,16.7,0.45825756949558394
634,8.2,1.4000000000000001,16.7,0.45825756949558394
635,8.2,1.4000000000000001,16.7,0.45825756949558394
636,8.2,1.4000000000000001,16.7,0.45825756949558394
637,8.2,1.4000000000000001,16.7,0.45825756949558394
638,8.2,1.4000000000000001,16.7,0.45825756949558394
639,8.1,1.374772708486752,16.7,0.45825756949558394
640,8.1,1.374772708486752,16.7,0.45825756949558394
641,8.1,1.374772708486752,16.7,0.45825756949558394
642,8.1,1.374772708486752,16.7,0.45825756949558394
643,8.1,1.374772708486752,16.7,0.45825756949558394
644,8.1,1.374772708486752,16.7,0.45825756949558394
645,8.1,1.374772708486752,16.7,0.45825756949558394
646,8.1,1.374772708486752,16.7,0.45825756949558394
647,8.1,1.374772708486752,16.7,0.45825756949558394
648,8.1,1.374772708486752,16.7,0.45825756949558394
649,8.1,1.374772708486752,16.7,0.45825756949558394
650,8.1,1.374772708486752,16.7,0.45825756949558394
651,8.1,1.374772708486752,16.7,0.45825756949558394
652,8.1,1.374772708486752,16.7,0.45825756949558394
653,8.1,1.374772708486752,16.7,0.45825756949558394
654,8.1,1.374772708486752,16.7,0.45825756949558394
655,8.1,1.374772708486752,16.7,0.45825756949558394
656,8.1,1.374772708486752,16.7,0.45825756949558394
657,8.1,1.374772708486752,16.7,0.45825756949558394
658,8.1,1.374772708486752,16.7,0.45825756949558394
659,8.1,1.374772708486752,16.7,0.45825756949558394
660,8.1,1.374772708486752,16.7,0.45825756949558394
661,8.1,1.374772708486752,16.7,0.45825756949558394
662,8.1,1.374772708486752,16.7,0.45825756949558394
663,8.1,1.374772708486752,16.7,0.45825756949558394
664,8.1,1.374772708486752,16.7,0.45825756949558394
665,8.1,1.374772708486752,16.7,0.45825756949558394
666,8.1,1.374772708486752,16.7,0.45825756949558394
667,8.1,1.374772708486752,16.7,0.45825756949558394
668,8.1,1.374772708486752,16.7,0.45825756949558394
669,8.1,1.374772708486752,16.7,0.45825756949558394
670,8.1,1.374772708486752,16.7,0.45825756949558394
671,8.1,1.374772708486752,16.7,0.45825756949558394
672,8.1,1.374772708486752,16.7,0.45825756949558394
673,8.1,1.374772708486752,16.7,0.45825756949558394
674,8.1,1.374772708486752,16.7,0.45825756949558394
675,8.1,1.374772708486752,16.7,0.45825756949558394
676,8.1,1.374772708486752,16.7,0.45825756949558394
677,8.1,1.374772708486752,16.7,0.45825756949558394
678,8.1,1.374772708486752,16.7,0.45825756949558394
679,8.1,1.374772708486752,16.7,0.45825756949558394
680,8.1,1.374772708486752,16.7,0.45825756949558394
681,8.1,1.374772708486752,16.7,0.45825756949558394
682,8.1,1.374772708486752,16.7,0.45825756949558394
683,8.1,1.374772708486752,16.7,0.45825756949558394
684,8.1,1.374772708486752,16.7,0.45825756949558394
685,8.1,1.374772708486752,16.7,0.45825756949558394
686,8.0,1.2649110640673518,16.7,0.45825756949558394
687,8.0,1.2649110640673518,16.7,0.45825756949558394
688,8.0,1.2649110640673518,16.7,0.45825756949558394
689,8.0,1.2649110640673518,16.7,0.45825756949558394
690,8.0,1.2649110640673518,16.7,0.45825756949558394
691,8.0,1.2649110640673518,16.7,0.45825756949558394
692,8.0,1.2649110640673518,16.7,0.45825756949558394
693,7.9,1.1357816691600546,16.7,0.45825756949558394
694,7.9,1.1357816691600546,16.7,0.45825756949558394
695,7.9,1.1357816691600546,16.7,0.45825756949558394
696,7.9,1.1357816691600546,16.7,0.45825756949558394
697,7.9,1.1357816691600546,16.7,0.45825756949558394
698,7.9,1.1357816691600546,16.7,0.45825756949558394
699,7.9,1.1357816691600546,16.7,0.45825756949558394
700,7.9,1.1357816691600546,16.7,0.45825756949558394
701,7.9,1.1357816691600546,16.7,0.45825756949558394
702,7.9,1.1357816691600546,16.7,0.45825756949558394
703,7.9,1.1357816691600546,16.7,0.45825756949558394
704,7.9,1.1357816691600546,16.7,0.45825756949558394
705,7.9,1.1357816691600546,16.7,0.45825756949558394
706,7.9,1.1357816691600546,16.7,0.45825756949558394
707,7.9,1.1357816691600546,16.7,0.45825756949558394
708,7.9,1.1357816691600546,16.7,0.45825756949558394
709,7.9,1.1357816691600546,16.7,0.45825756949558394
710,7.9,1.1357816691600546,16.7,0.45825756949558394
711,7.9,1.1357816691600546,16.7,0.45825756949558394
712,7.9,1.1357816691600546,16.7,0.45825756949558394
713,7.9,1.1357816691600546,16.7,0.45825756949558394
714,7.9,1.1357816691600546,16.7,0.45825756949558394
715,7.9,1.1357816691600546,16.7,0.45825756949558394
716,7.9,1.1357816691600546,16.7,0.45825756949558394
717,7.9,1.1357816691600546,16.7,0.45825756949558394
718,7.9,1.1357816691600546,16.7,0.45825756949558394
719,7.9,1.1357816691600546,16.7,0.45825756949558394
720,7.9,1.1357816691600546,16.7,0.45825756949558394
721,7.9,1.1357816691600546,16.7,0.45825756949558394
722,7.9,1.1357816691600546,16.7,0.45825756949558394
723,7.9,1.1357816691600546,16.7,0.45825756949558394
724,7.9,1.1357816691600546,16.7,0.45825756949558394
725,7.8,1.1661903789690602,16.7,0.45825756949558394
726,7.8,1.1661903789690602,16.7,0.45825756949558394
727,7.8,1.1661903789690602,16.7,0.45825756949558394
728,7.8,1.1661903789690602,16.7,0.45825756949558394
729,7.8,1.1661903789690602,16.7,0.45825756949558394
730,7.8,1.1661903789690602,16.7,0.45825756949558394
731,7.8,1.1661903789690602,16.7,0.45825756949558394
732,7.8,1.1661903789690602,16.7,0.45825756949558394
733,7.8,1.1661903789690602,16.7,0.45825756949558394
734,7.8,1.1661903789690602,16.7,0.45825756949558394
735,7.8,1.1661903789690602,16.7,0.45825756949558394
736,7.8,1.1661903789690602,16.7,0.45825756949558394
737,7.8,1.1661903789690602,16.7,0.45825756949558394
738,7.8,1.1661903789690602,16.7,0.45825756949558394
739,7.8,1.1661903789690602,16.7,0.45825756949558394
740,7.8,1.1661903789690602,16.7,0.45825756949558394
741,7.8,1.1661903789690602,16.7,0.45825756949558394
742,7.8,1.1661903789690602,16.7,0.45825756949558394
743,7.8,1.1661903789690602,16.7,0.45825756949558394
744,7.8,1.1661903789690602,16.7,0.45825756949558394
745,7.8,1.1661903789690602,16.7,0.45825756949558394
746,7.8,1.1661903789690602,16.7,0.45825756949558394
747,7.8,1.1661903789690602,16.7,0.45825756949558394
748,7.8,1.1661903789690602,16.7,0.45825756949558394
749,7.8,1.1661903789690602,16.7,0.45825756949558394
750,7.8,1.1661903789690602,16.7,0.45825756949558394
751,7.8,1.1661903789690602,16.7,0.45825756949558394
752,7.8,1.1661903789690602,16.7,0.45825756949558394
753,7.8,1.1661903789690602,16.7,0.45825756949558394
754,7.8,1.1661903789690602,16.7,0.45825756949558394
755,7.8,1.1661903789690602,16.7,0.45825756949558394
756,7.8,1.1661903789690602,16.8,0.4
757,7.8,1.1661903789690602,16.8,0.4
758,7.8,1.1661903789690602,16.8,0.4
759,7.8,1.1661903789690602,16.8,0.4
760,7.8,1.1661903789690602,16.8,0.4
761,7.8,1.1661903789690602,16.8,0.4
762,7.8,1.1661903789690602,16.8,0.4
763,7.8,1.1661903789690602,16.8,0.4
764,7.8,1.1661903789690602,16.8,0.4
765,7.7,1.1874342087037917,16.8,0.4
766,7.7,1.1874342087037917,16.8,0.4
767,7.7,1.1874342087037917,16.8,0.4
768,7.7,1.1874342087037917,16.8,0.4
769,7.7,1.1874342087037917,16.8,0.4
770,7.7,1.1874342087037917,16.8,0.4
771,7.7,1.1874342087037917,16.8,0.4
772,7.7,1.1874342087037917,16.8,0.4
773,7.7,1.1874342087037917,16.8,0.4
774,7.7,1.1874342087037917,16.8,0.4
775,7.6,1.2,16.8,0.4
776,7.6,1.2,16.8,0.4
777,7.6,1.2,16.8,0.4
778,7.6,1.2,16.8,0.4
779,7.6,1.2,16.8,0.4
780,7.6,1.2,16.8,0.4
781,7.6,1.2,16.8,0.4
782,7.6,1.2,16.8,0.4
783,7.6,1.2,16.8,0.4
784,7.6,1.2,16.8,0.4
785,7.6,1.2,16.8,0.4
786,7.6,1.2,16.8,0.4
787,7.6,1.2,16.8,0.4
788,7.6,1.2,16.8,0.4
789,7.6,1.2,16.8,0.4
790,7.6,1.2,16.8,0.4
791,7.6,1.2,16.8,0.4
792,7.6,1.2,16.8,0.4
793,7.6,1.2,16.8,0.4
794,7.6,1.2,16.8,0.4
795,7.6,1.2,16.8,0.4
796,7.6,1.2,16.8,0.4
797,7.6,1.2,16.8,0.4
798,7.6,1.2,16.8,0.4
799,7.6,1.2,16.8,0.4
800,7.5,1.118033988749895,16.8,0.4
801,7.5,1.118033988749895,16.8,0.4
802,7.5,1.118033988749895,16.8,0.4
803,7.5,1.118033988749895,16.8,0.4
804,7.5,1.118033988749895,16.8,0.4
805,7.5,1.118033988749895,16.9,0.3
806,7.5,1.118033988749895,16.9,0.3
807,7.5,1.118033988749895,16.9,0.3
808,7.5,1.118033988749895,16.9,0.3
809,7.5,1.118033988749895,16.9,0.3
810,7.5,1.118033988749895,16.9,0.3
811,7.5,1.118033988749895,16.9,0.3
812,7.5,1.118033988749895,16.9,0.3
813,7.4,1.2,16.9,0.3
814,7.4,1.2,16.9,0.3
815,7.4,1.2,16.9,0.3
816,7.4,1.2,16.9,0.3
817,7.4,1.2,16.9,0.3
818,7.4,1.2,16.9,0.3
819,7.4,1.2,16.9,0.3
820,7.4,1.2,16.9,0.3
821,7.4,1.2,16.9,0.3
822,7.4,1.2,16.9,0.3
823,7.4,1.2,16.9,0.3
824,7.4,1.2,16.9,0.3
825,7.4,1.2,16.9,0.3
826,7.4,1.2,16.9,0.3
827,7.4,1.2,16.9,0.3
828,7.4,1.2,16.9,0.3
829,7.4,1.2,16.9,0.3
830,7.4,1.2,16.9,0.3
831,7.4,1.2,16.9,0.3
832,7.4,1.2,16.9,0.3
833,7.4,1.2,16.9,0.3
834,7.4,1.2,16.9,0.3
835,7.4,1.2,16.9,0.3
836,7.4,1.2,16.9,0.3
837,7.4,1.2,16.9,0.3
838,7.4,1.2,16.9,0.3
839,7.4,1.2,16.9,0.3
840,7.4,1.2,16.9,0.3
841,7.4,1.2,16.9,0.3
842,7.4,1.2,16.9,0.3
843,7.4,1.2,16.9,0.3
844,7.4,1.2,16.9,0.3
845,7.4,1.2,16.9,0.3
846,7.4,1.2,16.9,0.3
847,7.4,1.2,16.9,0.3
848,7.4,1.2,16.9,0.3
849,7.4,1.2,16.9,0.3
850,7.4,1.2,16.9,0.3
851,7.4,1.2,16.9,0.3
852,7.4,1.2,16.9,0.3
853,7.4,1.2,16.9,0.3
854,7.4,1.2,16.9,0.3
855,7.4,1.2,16.9,0.3
856,7.4,1.2,16.9,0.3
857,7.4,1.2,16.9,0.3
858,7.4,1.2,16.9,0.3
859,7.4,1.2,16.9,0.3
860,7.3,1.1874342087037917,16.9,0.3
861,7.3,1.1874342087037917,16.9,0.3
862,7.3,1.1874342087037917,16.9,0.3
863,7.3,1.1874342087037917,16.9,0.3
864,7.3,1.1874342087037917,16.9,0.3
865,7.3,1.1874342087037917,16.9,0.3
866,7.3,1.1874342087037917,16.9,0.3
867,7.3,1.1874342087037917,16.9,0.3
868,7.2,1.0770329614269007,16.9,0.3
869,7.2,1.0770329614269007,16.9,0.3
870,7.2,1.0770329614269007,16.9,0.3
871,7.2,1.0770329614269007,16.9,0.3
872,7.2,1.0770329614269007,16.9,0.3
873,7.2,1.0770329614269007,16.9,0.3
874,7.2,1.0770329614269007,16.9,0.3
875,7.2,1.0770329614269007,16.9,0.3
876,7.2,1.0770329614269007,16.9,0.3
877,7.2,1.0770329614269007,16.9,0.3
878,7.2,1.0770329614269007,16.9,0.3
879,7.2,1.0770329614269007,16.9,0.3
880,7.2,1.0770329614269007,16.9,0.3
881,7.2,1.0770329614269007,16.9,0.3
882,7.2,1.0770329614269007,16.9,0.3
883,7.2,1.0770329614269007,16.9,0.3
884,7.2,1.0770329614269007,16.9,0.3
885,7.2,1.0770329614269007,16.9,0.3
886,7.2,1.0770329614269007,16.9,0.3
887,7.2,1.0770329614269007,16.9,0.3
888,7.2,1.0770329614269007,16.9,0.3
889,7.2,1.0770329614269007,16.9,0.3
890,7.2,1.0770329614269007,16.9,0.3
891,7.2,1.0770329614269007,16.9,0.3
892,7.2,1.0770329614269007,16.9,0.3
893,7.2,1.0770329614269007,16.9,0.3
894,7.2,1.0770329614269007,16.9,0.3
895,7.2,1.0770329614269007,16.9,0.3
896,7.2,1.0770329614269007,16.9,0.3
897,7.2,1.0770329614269007,16.9,0.3
898,7.2,1.0770329614269007,16.9,0.3
899,7.2,1.0770329614269007,16.9,0.3
900,7.2,1.0770329614269007,16.9,0.3
901,7.1,0.8306623862918074,16.9,0.3
902,7.1,0.8306623862918074,16.9,0.3
903,7.1,0.8306623862918074,16.9,0.3
904,7.1,0.8306623862918074,16.9,0.3
905,7.0,0.8944271909999159,16.9,0.3
906,7.0,0.8944271909999159,16.9,0.3
907,7.0,0.8944271909999159,16.9,0.3
908,7.0,0.8944271909999159,16.9,0.3
909,7.0,0.8944271909999159,16.9,0.3
910,7.0,0.8944271909999159,16.9,0.3
911,7.0,0.8944271909999159,16.9,0.3
912,7.0,0.8944271909999159,16.9,0.3
913,7.0,0.8944271909999159,16.9,0.3
914,7.0,0.8944271909999159,16.9,0.3
915,7.0,0.8944271909999159,16.9,0.3
916,7.0,0.8944271909999159,16.9,0.3
917,7.0,0.8944271909999159,16.9,0.3
918,7.0,0.8944271909999159,16.9,0.3
919,7.0,0.8944271909999159,16.9,0.3
920,7.0,0.8944271909999159,16.9,0.3
921,7.0,0.8944271909999159,16.9,0.3
922,7.0,0.8944271909999159,16.9,0.3
923,7.0,0.8944271909999159,16.9,0.3
924,7.0,0.8944271909999159,16.9,0.3
925,7.0,0.8944271909999159,16.9,0.3
926,7.0,0.8944271909999159,16.9,0.3
927,7.0,0.8944271909999159,16.9,0.3
928,7.0,0.8944271909999159,16.9,0.3
929,7.0,0.8944271909999159,16.9,0.3
930,7.0,0.8944271909999159,16.9,0.3
931,7.0,0.8944271909999159,16.9,0.3
932,7.0,0.8944271909999159,16.9,0.3
933,7.0,0.8944271909999159,16.9,0.3
934,7.0,0.8944271909999159,16.9,0.3
935,7.0,0.8944271909999159,16.9,0.3
936,7.0,0.8944271909999159,16.9,0.3
937,7.0,0.8944271909999159,16.9,0.3
938,7.0,0.8944271909999159,16.9,0.3
939,7.0,0.8944271909999159,16.9,0.3
940,7.0,0.8944271909999159,16.9,0.3
941,7.0,0.8944271909999159,16.9,0.3
942,7.0,0.8944271909999159,16.9,0.3
943,7.0,0.8944271909999159,16.9,0.3
944,7.0,0.8944271909999159,16.9,0.3
945,7.0,0.8944271909999159,16.9,0.3
946,7.0,0.8944271909999159,16.9,0.3
947,7.0,0.8944271909999159,16.9,0.3
948,7.0,0.8944271909999159,16.9,0.3
949,7.0,0.8944271909999159,16.9,0.3
950,7.0,0.8944271909999159,16.9,0.3
951,7.0,0.8944271909999159,16.9,0.3
952,7.0,0.8944271909999159,16.9,0.3
953,7.0,0.8944271909999159,16.9,0.3
954,7.0,0.8944271909999159,16.9,0.3
955,7.0,0.8944271909999159,16.9,0.3
956,7.0,0.8944271909999159,16.9,0.3
957,6.9,0.9433981132056604,16.9,0.3
958,6.9,0.9433981132056604,16.9,0.3
959,6.9,0.9433981132056604,16.9,0.3
960,6.9,0.9433981132056604,16.9,0.3
961,6.9,0.9433981132056604,16.9,0.3
962,6.9,0.9433981132056604,16.9,0.3
963,6.9,0.9433981132056604,16.9,0.3
964,6.9,0.9433981132056604,16.9,0.3
965,6.9,0.9433981132056604,16.9,0.3
966,6.9,0.9433981132056604,16.9,0.3
967,6.9,0.9433981132056604,16.9,0.3
968,6.9,0.9433981132056604,16.9,0.3
969,6.9,0.9433981132056604,16.9,0.3
970,6.9,0.9433981132056604,16.9,0.3
971,6.9,0.9433981132056604,16.9,0.3
972,6.9,0.9433981132056604,16.9,0.3
973,6.9,0.9433981132056604,16.9,0.3
974,6.9,0.9433981132056604,16.9,0.3
975,6.9,0.9433981132056604,16.9,0.3
976,6.9,0.9433981132056604,16.9,0.3
977,6.9,0.9433981132056604,16.9,0.3
978,6.9,0.9433981132056604,16.9,0.3
979,6.9,0.9433981132056604,16.9,0.3
980,6.9,0.9433981132056604,16.9,0.3
981,6.9,0.9433981132056604,16.9,0.3
982,6.9,0.9433981132056604,16.9,0.3
983,6.8,0.7483314773547882,16.9,0.3
984,6.8,0.7483314773547882,16.9,0.3
985,6.8,0.7483314773547882,16.9,0.3
986,6.8,0.7483314773547882,16.9,0.3
987,6.8,0.7483314773547882,16.9,0.3
988,6.8,0.7483314773547882,16.9,0.3
989,6.8,0.7483314773547882,16.9,0.3
990,6.8,0.7483314773547882,16.9,0.3
991,6.8,0.7483314773547882,16.9,0.3
992,6.8,0.7483314773547882,16.9,0.3
993,6.8,0.7483314773547882,16.9,0.3
994,6.8,0.7483314773547882,16.9,0.3
995,6.8,0.7483314773547882,16.9,0.3
996,6.8,0.7483314773547882,16.9,0.3
997,6.8,0.7483314773547882,16.9,0.3
998,6.8,0.7483314773547882,16.9,0.3
999,6.8,0.7483314773547882,16.9,0.3
1000,6.8,0.7483314773547882,16.9,0.3
1001,6.8,0.7483314773547882,16.9,0.3
1002,6.8,0.7483314773547882,16.9,0.3
1003,6.8,0.7483314773547882,16.9,0.3
1004,6.8,0.7483314773547882,16.9,0.3
1005,6.8,0.7483314773547882,16.9,0.3
1006,6.8,0.7483314773547882,16.9,0.3
1007,6.8,0.7483314773547882,16.9,0.3
1008,6.7,0.7810249675906654,16.9,0.3
1009,6.6,0.8,16.9,0.3
1010,6.6,0.8,16.9,0.3
1011,6.6,0.8,16.9,0.3
1012,6.6,0.8,16.9,0.3
1013,6.6,0.8,16.9,0.3
1014,6.6,0.8,16.9,0.3
1015,6.6,0.8,16.9,0.3
1016,6.6,0.8,16.9,0.3
1017,6.6,0.8,16.9,0.3
1018,6.6,0.8,16.9,0.3
1019,6.6,0.8,16.9,0.3
1020,6.6,0.8,16.9,0.3
1021,6.6,0.8,16.9,0.3
1022,6.6,0.8,16.9,0.3
1023,6.6,0.8,16.9,0.3
1024,6.6,0.8,16.9,0.3
1025,6.6,0.8,16.9,0.3
1026,6.6,0.8,16.9,0.3
1027,6.6,0.8,16.9,0.3
1028,6.6,0.8,16.9,0.3
1029,6.6,0.8,16.9,0.3
1030,6.6,0.8,16.9,0.3
1031,6.5,0.806225774829855,16.9,0.3
1032,6.5,0.806225774829855,16.9,0.3
1033,6.5,0.806225774829855,16.9,0.3
1034,6.5,0.806225774829855,16.9,0.3
1035,6.5,0.806225774829855,16.9,0.3
1036,6.5,0.806225774829855,16.9,0.3
1037,6.5,0.806225774829855,16.9,0.3
1038,6.5,0.806225774829855,16.9,0.3
1039,6.5,0.806225774829855,16.9,0.3
1040,6.5,0.806225774829855,16.9,0.3
1041,6.5,0.806225774829855,16.9,0.3
1042,6.5,0.806225774829855,16.9,0.3
1043,6.5,0.806225774829855,16.9,0.3
1044,6.5,0.806225774829855,16.9,0.3
1045,6.4,0.6633249580710799,16.9,0.3
1046,6.4,0.6633249580710799,16.9,0.3
1047,6.4,0.6633249580710799,16.9,0.3
1048,6.4,0.6633249580710799,16.9,0.3
1049,6.4,0.6633249580710799,16.9,0.3
1050,6.4,0.6633249580710799,16.9,0.3
1051,6.4,0.6633249580710799,16.9,0.3
1052,6.4,0.6633249580710799,16.9,0.3
1053,6.4,0.6633249580710799,16.9,0.3
1054,6.4,0.6633249580710799,16.9,0.3
1055,6.4,0.6633249580710799,16.9,0.3
1056,6.4,0.6633249580710799,16.9,0.3
1057,6.4,0.6633249580710799,16.9,0.3
1058,6.4,0.6633249580710799,16.9,0.3
1059,6.4,0.6633249580710799,16.9,0.3
1060,6.4,0.6633249580710799,16.9,0.3
1061,6.4,0.6633249580710799,16.9,0.3
1062,6.4,0.6633249580710799,16.9,0.3
1063,6.4,0.6633249580710799,16.9,0.3
1064,6.4,0.6633249580710799,16.9,0.3
1065,6.4,0.6633249580710799,16.9,0.3
1066,6.4,0.6633249580710799,16.9,0.3
1067,6.4,0.6633249580710799,16.9,0.3
1068,6.4,0.6633249580710799,16.9,0.3
1069,6.4,0.6633249580710799,16.9,0.3
1070,6.4,0.6633249580710799,16.9,0.3
1071,6.4,0.6633249580710799,16.9,0.3
1072,6.4,0.6633249580710799,16.9,0.3
1073,6.4,0.6633249580710799,16.9,0.3
1074,6.4,0.6633249580710799,16.9,0.3
1075,6.4,0.6633249580710799,16.9,0.3
1076,6.4,0.6633249580710799,16.9,0.3
1077,6.4,0.6633249580710799,16.9,0.3
1078,6.3,0.6403124237432849,16.9,0.3
1079,6.3,0.6403124237432849,16.9,0.3
1080,6.3,0.6403124237432849,16.9,0.3
1081,6.3,0.6403124237432849,16.9,0.3
1082,6.3,0.6403124237432849,16.9,0.3
1083,6.3,0.6403124237432849,16.9,0.3
1084,6.3,0.6403124237432849,16.9,0.3
1085,6.3,0.6403124237432849,16.9,0.3
1086,6.3,0.6403124237432849,16.9,0.3
1087,6.3,0.6403124237432849,16.9,0.3
1088,6.3,0.6403124237432849,16.9,0.3
1089,6.3,0.6403124237432849,16.9,0.3
1090,6.3,0.6403124237432849,16.9,0.3
1091,6.3,0.6403124237432849,16.9,0.3
1092,6.3,0.6403124237432849,16.9,0.3
1093,6.3,0.6403124237432849,16.9,0.3
1094,6.3,0.6403124237432849,16.9,0.3
1095,6.3,0.6403124237432849,16.9,0.3
1096,6.3,0.6403124237432849,16.9,0.3
1097,6.3,0.6403124237432849,16.9,0.3
1098,6.3,0.6403124237432849,16.9,0.3
1099,6.3,0.6403124237432849,16.9,0.3
1100,6.2,0.39999999999999997,16.9,0.3
1101,6.2,0.39999999999999997,16.9,0.3
1102,6.2,0.39999999999999997,16.9,0.3
1103,6.2,0.39999999999999997,16.9,0.3
1104,6.2,0.39999999999999997,16.9,0.3
1105,6.2,0.39999999999999997,16.9,0.3
1106,6.2,0.39999999999999997,16.9,0.3
1107,6.2,0.39999999999999997,16.9,0.3
1108,6.2,0.39999999999999997,16.9,0.3
1109,6.2,0.39999999999999997,16.9,0.3
1110,6.2,0.39999999999999997,16.9,0.3
1111,6.2,0.39999999999999997,16.9,0.3
1112,6.2,0.39999999999999997,16.9,0.3
1113,6.2,0.39999999999999997,16.9,0.3
1114,6.2,0.39999999999999997,16.9,0.3
1115,6.2,0.39999999999999997,16.9,0.3
1116,6.2,0.39999999999999997,16.9,0.3
1117,6.2,0.39999999999999997,16.9,0.3
1118,6.2,0.39999999999999997,16.9,0.3
1119,6.2,0.39999999999999997,16.9,0.3
1120,6.2,0.39999999999999997,16.9,0.3
1121,6.1,0.3,16.9,0.3
1122,6.1,0.3,16.9,0.3
1123,6.1,0.3,16.9,0.3
1124,6.1,0.3,16.9,0.3
1125,6.1,0.3,16.9,0.3
1126,6.1,0.3,16.9,0.3
1127,6.1,0.3,16.9,0.3
1128,6.1,0.3,16.9,0.3
1129,6.1,0.3,16.9,0.3
1130,6.1,0.3,16.9,0.3
1131,6.1,0.3,16.9,0.3
1132,6.1,0.3,16.9,0.3
1133,6.1,0.3,16.9,0.3
1134,6.1,0.3,16.9,0.3
1135,6.1,0.3,16.9,0.3
1136,6.1,0.3,16.9,0.3
1137,6.1,0.3,16.9,0.3
1138,6.1,0.3,16.9,0.3
1139,6.1,0.3,16.9,0.3
1140,6.1,0.3,16.9,0.3
1141,6.1,0.3,16.9,0.3
1142,6.1,0.3,16.9,0.3
1143,6.1,0.3,16.9,0.3
1144,6.1,0.3,16.9,0.3
1145,6.1,0.3,16.9,0.3
1146,6.1,0.3,16.9,0.3
1147,6.1,0.3,16.9,0.3
1148,6.1,0.3,16.9,0.3
1149,6.0,0.0,16.9,0.3
1150,6.0,0.0,16.9,0.3
1151,6.0,0.0,16.9,0.3
1152,6.0,0.0,16.9,0.3
1153,6.0,0.0,16.9,0.3
1154,6.0,0.0,16.9,0.3
1155,6.0,0.0,16.9,0.3
1156,6.0,0.0,16.9,0.3
1157,6.0,0.0,16.9,0.3
1158,6.0,0.0,16.9,0.3
1159,6.0,0.0,17.0,0.0
1160,6.0,0.0,17.0,0.0
1161,6.0,0.0,17.0,0.0
1162,6.0,0.0,17.0,0.0
1163,6.0,0.0,17.0,0.0
1164,6.0,0.0,17.0,0.0
1165,6.0,0.0,17.0,0.0
